time_hours,I2_center_nM,S2_free_center_nM,S2_total_center_nM,I2_edge_nM,S2_free_edge_nM,S2_total_edge_nM
0.0,100.0,0.0,0.0,100.0,0.0,0.0
0.016666666666666666,99.985816296431,0.047474861934809744,1.1933051724219434,99.87594612385962,0.4156826437003018,10.235514823719754
0.03333333333333333,99.95604367880867,0.09987204717457997,3.6374941739389253,99.63880797152079,0.7981593030874674,28.587707325635883
0.05,99.91302371414064,0.14468541867118134,7.110545323411816,99.31953119182123,1.0806825903490977,51.68882043261711
0.06666666666666667,99.85880058562456,0.18288466949327856,11.425969950158933,98.93975373540398,1.2937787596355768,77.22121942884696
0.08333333333333333,99.7945987836292,0.21719082456862762,16.463851282643507,98.51250460172888,1.4658008281152326,103.73319437783648
0.1,99.72101891569626,0.2496825694123598,22.151874744370858,98.04566245018106,1.6137362584029789,130.29999917888506
0.11666666666666667,99.63824398065407,0.28175917863261574,28.4476843430381,97.544187768332,1.7472353278438628,156.3137818283176
0.13333333333333333,99.54617158536973,0.3143858430645385,35.32750838815804,97.01135029144189,1.8719187605277368,181.36698577791807
0.15,99.44449135764442,0.3482756243440342,42.77914094010106,96.44940285989655,1.9911989402979475,205.1864721217295
0.16666666666666666,99.33272956753682,0.3839986065387678,50.79745824697672,95.8599656446935,2.107231372645278,227.59433594003903
0.18333333333333332,99.21027474075497,0.42204549435134037,59.38135929244911,95.24425544510518,2.2214225426159504,248.48314411768547
0.2,99.0763921063773,0.4628653613939813,68.53150224146391,94.60322850747212,2.334712626353805,267.79927826631604
0.21666666666666667,98.93023133721368,0.5068887778788868,78.24848267419173,93.93767274320429,2.4477403935916797,285.5310234977973
0.23333333333333334,98.7708302023872,0.5545424253801842,88.53125193710517,93.24826892700328,2.5609439754544105,301.6995531064194
0.25,98.59711571681642,0.6062585191969547,99.37566383483019,92.53563197706573,2.674625286117793,316.351762245381
0.26666666666666666,98.40790405538412,0.6624808198991131,110.77307783692689,91.80033911265532,2.7889929998426153,329.5543433588458
0.2833333333333333,98.20189967282852,0.7236682337305161,122.70901653019496,91.04294859544805,2.904192423214962,341.3887620569191
0.3,97.97769463202577,0.7902964224078662,135.16185811648225,90.2640120626689,3.020326955852141,351.9469250214731
0.31666666666666665,97.73376859359578,0.862857572071679,148.10159915944598,89.46408206735046,3.137473905846545,361.327430966329
0.3333333333333333,97.46849014225897,0.9418582136383713,161.48872979156445,88.64371616190395,3.2556962500333393,369.6323404075897
0.35,97.18012017110425,1.0278147895776537,175.27328342421387,87.80347853520193,3.375051230498415,376.96442720953024
0.36666666666666664,96.86681816727955,1.1212464762567544,189.3941386367988,86.94394004997284,3.495596231062317,383.4248864425038
0.38333333333333336,96.52665240300935,1.2226645905364697,203.77866337708278,86.0656774444553,3.617392074210706,389.1114755552418
0.4,96.15761522400956,1.3325577425215749,218.34279919980062,85.16927243122278,3.740503662159334,394.1170631324452
0.4166666666666667,95.75764482348202,1.4513717719072927,232.99168378495384,84.25531142646841,3.8649977292201703,398.528554345823
0.43333333333333335,95.32465505719028,1.5794834794207757,247.62090079810892,83.32438665630524,3.990937374178804,402.4261565678536
0.45,94.8565749315701,1.7171673284475066,262.11842450009544,82.37709939107565,4.118373020479738,405.8829438394498
0.4666666666666667,94.35139928758267,1.8645547728917966,276.3672897962754,81.41406602536536,4.2473295486962686,408.96467581519187
0.48333333333333334,93.80725177893858,2.021586817246227,290.24896483741065,80.43592761219011,4.377789616334081,411.7298259169054
0.5,93.2224603535782,2.1879619670020904,303.6473327534964,79.44336322898296,4.509673683781504,414.2297748638123
0.5166666666666667,92.59564395693421,2.363083912370824,316.45310454481654,78.43710715591918,4.642818036360213,416.5091294087249
0.5333333333333333,91.9258070361507,2.5460159070794357,328.5683941065861,77.41796925810789,4.776953094782813,418.6061316329467
0.55,91.21243577325036,2.7354512967964495,339.91110234302135,76.38685720246622,4.91168537983911,420.5531308969189
0.5666666666666667,90.45558723007578,2.9297110503196007,350.4186999189683,75.34479830252886,5.046487323939412,422.37709757591455
0.5833333333333334,89.65596047311134,3.126778243953534,360.05099036821383,74.29295805376448,5.180699258351319,424.10016387566543
0.6,88.81493817016904,3.324375276442876,368.79149684495957,73.2326520484836,5.3135469200138745,425.7401811783441
0.6166666666666667,87.93458897075465,3.5200821016608734,376.64725324491025,72.16534820955783,5.444175532601277,427.31128472602
0.6333333333333333,87.0176248326244,3.7114844809769103,383.64698467217494,71.09265709654109,5.5716982579617875,428.8244555639649
0.65,86.06731492786552,3.896332704813233,389.83787535138936,70.01630999939039,5.695253332212258,430.28806596494275
0.6666666666666666,85.08736286928834,4.072687163250178,395.2813339300701,68.93812592255327,5.814061835036229,431.70839340404484
0.6833333333333333,84.08176082522345,4.2390287977757914,400.04827064783893,67.85997069994481,5.927477481882296,433.09008668074
0.7,83.05463632321596,4.3943200731273,404.21442067393093,66.78371243051704,6.035021508786601,434.4365708510525
0.7166666666666667,82.01010715766144,4.53801278028714,407.8561628641173,65.711177709147,6.136398984774794,435.75038283206294
0.7333333333333333,80.95215658111155,4.6700092254607,411.0471348766761,64.64411254933118,6.23149664241906,437.0334361271404
0.75,79.88453618814941,4.7905902923646195,413.8557781238813,63.58415074076075,6.320365439087299,438.2872193130508
0.7666666666666667,78.81069896418465,4.90032632343714,416.3437990366006,62.53279101485473,6.403192854776293,439.51293741613927
0.7833333333333333,77.7337609924295,4.999985377206677,418.5654298073806,61.49138315486703,6.480270313137997,440.7116075136847
0.8,76.6564871754066,5.090449477365741,420.56731915125755,60.46112207043815,6.551960310830438,441.8841203560854
0.8166666666666667,75.58129632906503,5.172645266847523,422.3888682773765,59.44304872237642,6.618666629811298,443.0312777257624
0.8333333333333334,74.51027913952966,5.247491218982577,424.06284862874116,58.4380559576376,6.680809472097108,444.1538144440481
0.85,73.44522446780097,5.3158609431362525,425.6161649267378,57.44689783698163,6.738806231406164,445.25241079568497
0.8666666666666667,72.38764985871195,5.378560356672307,427.07066406520977,56.470201035716386,6.7930577208843665,446.32769964535146
0.8833333333333333,71.33883325637133,5.436315839394675,428.4439226167839,55.50847720838793,6.843939177270343,447.38027090702474
0.9,70.29984387773455,5.489770459540958,429.7499723957382,54.56213549196588,6.891795139057334,448.41067491225266
0.9166666666666666,69.27157097564663,5.539485705621209,430.9999434909237,53.63149457817567,6.936937269866397,449.41942547697835
0.9333333333333333,68.25474981373308,5.585946656466141,432.20261797875736,52.71679399677357,6.979644286473242,450.40700300537804
0.95,67.24998459333197,5.62956903498791,433.364896299559,51.8182044138635,7.02016329174794,451.3738577098916
0.9666666666666667,66.25776834791792,5.670707046467098,434.4921833019549,50.935836866667906,7.058711965460783,452.32041289946613
0.9833333333333333,65.27849998703859,5.709661270980052,435.5887033704311,50.06975093587852,7.095481207359618,453.24706824078004
1.0,64.31249876046977,5.746686159291516,436.6577547631278,49.2199619070908,7.1306379465048275,454.1542028938902
1.0166666666666666,63.36001644926065,5.781996882555685,437.7019129759165,48.386447001544006,7.164327925743526,455.04217844134024
1.0333333333333334,62.42124759273359,5.815775423625428,438.7231920841597,47.56915076989358,7.196678341900501,455.9113415545756
1.05,61.49633804309671,5.8481758869526725,439.72317190369125,46.767989746092695,7.227800274182059,456.7620263661183
1.0666666666666667,60.585392111570954,5.879329058315175,440.7030976481413,45.98285645543095,7.257790869394266,457.59455653687144
1.0833333333333333,59.6884785379997,5.909346275613477,441.663957650042,45.21362286406436,7.28673527660669,458.40924702396444
1.1,58.80563548362045,5.9383226858405,442.60654371383356,44.460143348823685,7.314708339051402,459.2064055657822
1.1166666666666667,57.936874716233575,5.966339966907596,443.5314978018798,43.722257256920415,7.341776059903204,459.98633390789036
1.1333333333333333,57.08218512952403,5.993468590415988,444.4393480219251,42.999791116141985,7.367996863106672,460.749328797318
1.15,56.24153571421584,6.0197696954711235,445.33053627719045,42.2925605476758,7.393422672065934,461.495682773932
1.1666666666666667,55.41487807808839,6.045296636061843,446.2054394444849,41.60037192605274,7.418099828839492,462.22568478716914
1.1833333333333333,54.60214859444917,6.070096256505599,447.0643855455688,40.92302382393878,7.442069875225775,462.9396206647964
1.2,53.80327024411324,6.09420994167244,447.9076660571017,40.260308273627004,7.4653702152849455,463.6377734580902
1.2166666666666666,53.01815420391851,6.117674481511088,448.735545250723,39.612011872041556,7.488034676750619,464.3204236852262
1.2333333333333334,52.24670122494053,6.140522782989559,449.548267254745,38.977916751781905,7.510093986655743,464.98784949197767
1.25,51.48880283551928,6.162784456971772,450.34606137207936,38.35780143712362,7.53157617445292,465.6403267461965
1.2666666666666666,50.744342397667495,6.184486302766983,451.1291460665842,37.75144160086175,7.552506914025627,466.27812908009435
1.2833333333333334,50.01319604012876,6.205652709042739,451.8977319348394,37.15861073535174,7.572909814295507,466.90152789211635
1.3,49.295233487069254,6.226305986407525,452.65202390661216,36.57908074899387,7.5928066666391025,467.51079231820944
1.3166666666666667,48.59031879792771,6.246466644160507,453.3922228603119,36.01262249765367,7.612217656034707,468.10618918056366
1.3333333333333333,47.89831103115869,6.266153621390463,454.1185267958428,35.45900625905386,7.6311615417481224,468.6879829204081
1.35,47.21906484235299,6.285384480704905,454.8311316735319,34.918002156962444,7.649655812420499,469.25643552017914
1.3666666666666667,46.552431025403195,6.3041755713195515,455.53023200193155,34.38938054099613,7.667716819622363,469.8118064193103
1.3833333333333333,45.898257003913955,6.32254216697344,456.2160212374898,33.872912327019804,7.685359893264805,470.3543524270012
1.4,45.25638727886884,6.340498583109156,456.8886920439328,33.368369302425585,7.702599441696375,470.884327634588
1.4166666666666667,44.626663837601,6.358058276925394,457.5484364476524,32.87552439999031,7.71944903884432,471.4019833295327
1.4333333333333333,44.00892652833107,6.375233933235862,458.1954459165827,32.394151943522104,7.735921500368093,471.90756791255495
1.45,43.403013403895116,6.392037522642579,458.829911367459,31.924027868094964,7.752028942195211,472.4013268107574
1.4666666666666666,42.80876103822787,6.408480425921662,459.4520232079558,31.46492991759438,7.767782869695835,472.8835024337489
1.4833333333333334,42.226004816114795,6.424573406780701,460.06197121146386,31.016637820502723,7.783194189742385,473.35433406761894
1.5,41.65457920237648,6.440326708689157,460.6599444977827,30.578933447983474,7.7982732779550155,473.8140578325869
1.5166666666666666,41.09431798923269,6.455750090116981,461.2461314484379,30.15160095420061,7.813030017207071,474.26290662480443
1.5333333333333334,40.54505452483138,6.470852861721619,461.82071962077475,29.734426900995025,7.8274738339106245,474.7011100663426
1.55,40.006621924400164,6.485643920020349,462.3838956586128,29.32720036823637,7.841613730859754,475.1288944616514
1.5666666666666667,39.478853265388075,6.500131777514484,462.93584520157253,28.929713051059597,7.855458316843613,475.54648276012665
1.5833333333333333,38.961581767827425,6.514324589683187,463.47675279497474,28.54175934508127,7.869015833392843,475.954094524581
1.6,38.45464096102126,6.528230179251671,464.00680180171975,28.163136420587765,7.882294179000174,476.3519459054012
1.6166666666666667,37.95786483755248,6.5418560580852265,464.526174317154,27.793644286596376,7.895300931113477,476.7402496201594
1.6333333333333333,37.47108799551685,6.555209447007328,465.0350510876188,27.433085845609916,7.908043366160005,477.1192149384271
1.65,36.99414576979951,6.568297293795395,465.53361143314174,27.08126693981355,7.920528477824854,477.48904767153044
1.6666666666666667,36.526874353142944,6.581126289571126,466.0220331745628,26.737996389399274,7.932762993776642,477.8499501669801
1.6833333333333333,36.06911090769099,6.5937028837700105,466.500492565245,26.403086023646367,7.944753391008029,478.20212130730744
1.7,35.620693667637696,6.606033297849578,466.96916422743453,26.076350705335262,7.956505909936944,478.5457565130426
1.7166666666666666,35.18146203356014,6.618123537873428,467.42822109325573,25.757608349026327,7.968026567395521,478.8810477495708
1.7333333333333334,34.75125665897006,6.6299794060903645,467.87783435027825,25.44667993369359,7.9793211686186964,479.20818353761547
1.75,34.32991952957943,6.641606511612017,468.3181733915561,25.14338951016597,7.9903953183302745,479.5273489670982
1.7666666666666666,33.917294035739346,6.653010280279675,468.74940577000905,24.847564203794317,8.001254431013155,479.8387257141405
1.7833333333333334,33.5132250384794,6.664195963799672,469.1716971570031,24.559034212731675,8.01190374043971,480.1424920609757
1.8,33.11755892954528,6.675168648217115,469.5852113049715,24.277632802185693,8.022348308530795,480.43882291855476
1.8166666666666667,32.73014368580578,6.685933261789996,469.99011001391216,24.0031962949761,8.032593033602934,480.7278898516352
1.8333333333333333,32.35082891837606,6.696494582318121,470.38655310159334,23.735564058706405,8.042642658058051,481.0098611061542
1.85,31.979465916781614,6.706857243975678,470.77469837729853,23.474578489837008,8.052501775563483,481.28490163869765
1.8666666666666667,31.61590768846696,6.717025743691156,471.15470161894365,23.220084994926655,8.062174837765866,481.5531731478847
1.8833333333333333,31.260008993934296,6.727004447112641,471.5267165533985,22.97193196929072,8.071666160576534,481.814834107498
1.9,30.911626377779797,6.7367975941942335,471.8908948398525,22.729970773307315,8.080979930064858,482.0700398011982
1.9166666666666667,30.570618195879327,6.746409304434158,472.2473860560653,22.494055706586487,8.090120207989386,482.31894235867225
1.9333333333333333,30.236844638960097,6.755843581793217,472.59633768735034,22.264043980202818,8.099090936996507,482.5616907930693
1.95,29.91016775278131,6.765104319318645,472.9378951181391,22.039795687178184,8.107895945511478,482.798431039592
1.9666666666666666,29.590451455133636,6.774195303496682,473.27220162598894,21.821173771388484,8.11653895234587,483.0293059951139
1.9833333333333334,29.277561549855367,6.7831202183547505,473.59939837789017,21.60804399505641,8.125023571042167,483.2544555587027
2.0,28.97136573805201,6.791882649331633,473.9196244287437,21.400274904981266,8.133353313975,483.47401667293883
2.0166666666666666,28.67173362669537,6.800486086933976,474.23301672188103,21.19773779764644,8.141531596227338,483.68812336592123
2.033333333333333,28.378536734768467,6.808933930193572,474.5397100915033,21.00030668333561,8.149561739256397,483.8969067938623
2.05,28.091648497113326,6.817229489940468,474.8398372669241,20.807858249379827,8.157446974365113,484.1004952841787
2.066666666666667,27.810944266130036,6.825375991905167,475.13352887850306,20.620271822649034,8.165190445992671,484.2990143789907
2.0833333333333335,27.536301311467337,6.833376579661228,475.4209134651631,20.437429331393993,8.172795214835533,484.4925868789484
2.1,27.267598817837314,6.841234317419763,475.70211748339005,20.259215266537034,8.180264260811368,484.68133288730866
2.1166666666666667,27.004717881079557,6.848952192685704,475.9772653176163,20.085516642503332,8.187600485875926,484.8653698541916
2.1333333333333333,26.747541502593343,6.8565331187852445,476.2464792918953,19.916222957677867,8.19480671670225,485.0448126209502
2.15,26.49595458224999,6.863979937272679,476.5098796827776,19.75122615456727,8.201885707231506,485.2197734645907
2.1666666666666665,26.24984390989149,6.871295420224531,476.7675847333054,19.590420579740112,8.208840141103291,485.3903621421863
2.183333333333333,26.009098155515698,6.8784822724288075,477.019710668043,19.43370294361382,8.215672633973211,485.5566859352316
2.2,25.77360785824313,6.885543133474826,477.26637170906736,19.28097228015156,8.222385735724584,485.71884969388594
2.216666666666667,25.54326541415505,6.89248057975089,477.5076800928451,19.132129906527634,8.22898193258072,485.87695588106175
2.2333333333333334,25.317965063087954,6.899297126354895,477.7437460879264,18.987079382815764,8.23546364912357,486.03110461631286
2.25,25.097602874464705,6.905995228923203,477.97467801339087,18.84572647175022,8.241833250224966,486.1813937194864
2.2666666666666666,24.882076732238477,6.912577285382879,478.20058225797976,18.70797909860629,8.248093042894714,486.3279187540988
2.283333333333333,24.671286319021245,6.91904563763147,478.4215632998575,18.573747311242716,8.254245278050837,486.47077307040394
2.3,24.46513309946501,6.925402573148572,478.63772372694496,18.442943240345347,8.260292152216316,486.6100478481228
2.316666666666667,24.263520302959858,6.931650326543409,478.8491642577688,18.315481059908244,8.26623580914644,486.7458321388061
2.3333333333333335,24.066352905709714,6.937791081041675,479.0559837627796,18.1912769479853,8.272078341390621,486.8782129078039
2.35,23.873537612243233,6.943826969914794,479.2582792860859,18.070249047742784,8.277821791792052,487.0072750758192
2.3666666666666667,23.684982836413965,6.949760077855539,479.45614606756214,17.95231742884049,8.28346815492907,487.1331015600232
2.3833333333333333,23.500598681941163,6.95559244230183,479.64967756528443,17.837404049166754,8.289019378500617,487.2557733147154
2.4,23.320296922539494,6.961326054712432,479.83896547825475,17.725432716950344,8.294477364659294,487.3753693715073
2.4166666666666665,23.143990981683366,6.966962861796124,480.0240997693725,17.616329053269904,8.299843971294377,487.491966879018
2.433333333333333,22.97159591204892,6.972504766697798,480.20516868862023,17.51002045497978,8.305121013267794,487.6056411420651
2.45,22.803028374674327,6.977953630142404,480.3822587964243,17.406436058069072,8.310310263604404,487.71646566033996
2.466666666666667,22.638206617876612,6.983311271539988,480.55545498716214,17.305506701468897,8.31541345464057,487.82451216655613
2.4833333333333334,22.47705045596116,6.988579470052766,480.7248405127809,17.207164891321383,8.320432279130781,487.92985066406123
2.5,22.31948124775773,6.9937599656271425,480.8904970065025,17.11134476572208,8.32536839131698,488.03254946390535
2.5166666666666666,22.16542187501508,6.998854459990865,481.05250450658434,17.0179820599463,8.330223407959474,488.1326752213565
2.533333333333333,22.014796720684156,7.003864617618451,481.21094148011133,16.927014072168213,8.334998909334074,488.23029297186156
2.55,21.867531647118064,7.008792066665359,481.3658848467952,16.8383796296806,8.339696440194775,488.3254661664434
2.566666666666667,21.723553974215417,7.013638399872564,481.5174100027574,16.75201905562166,8.344317510704832,488.41825670653446
2.5833333333333335,21.582792457531927,7.018405175443055,481.6655908442744,16.667874136214287,8.348863597337207,488.5087249782414
2.6,21.445177266383492,7.023093917891103,481.81049979146655,16.585888088522278,8.353336143745631,488.596929886041
2.6166666666666667,21.310639961962735,7.027706118865932,481.9522078119094,16.506005528726746,8.357736561607961,488.6829288859045
2.6333333333333333,21.17911350277759,7.0322432379503415,482.09078434716554,16.428172452054078,8.362066231442357,488.76677797739666
2.65,21.050532139876196,7.036706700677792,482.2262976471123,16.352336168231293,8.366326501979545,488.8485318662676
2.6666666666666665,20.924831479245032,7.041097907736545,482.3588144588105,16.278445305708047,8.37051869511141,488.9282438539031
2.683333333333333,20.801948431717005,7.045418227378771,482.4884001694862,16.206449770384143,8.374644102786805,489.005965920097
2.7,20.681821191457573,7.049668998417473,482.61511883114855,16.136300716519862,8.378703988590745,489.08174875375545
2.716666666666667,20.564389214549692,7.053851531206586,482.73903318329894,16.067950518161666,8.382699588611596,489.15564178252095
2.7333333333333334,20.44959319770625,7.057967108362358,482.8602046753572,16.001352741087754,8.386632112161642,489.2276932018075
2.75,20.337375057125175,7.062016985424972,482.9786934889419,15.936462115272779,8.390502742447723,489.29795000330813
2.7666666666666666,20.227677907499235,7.066002391492213,483.0945585600022,15.873234507869382,8.394312637213451,489.3664580029813
2.783333333333333,20.12044604119132,7.069924529833912,483.20785760078127,15.811626896703537,8.39806292935999,489.4332618685112
2.8,20.015624907585014,7.073784578488969,483.3186471215929,15.751597344280103,8.401754727547777,489.4984051462431
2.816666666666667,19.91316109261936,7.077583690846181,483.4269824523969,15.69310497229461,8.405389116780569,489.5619302875915
2.8333333333333335,19.813002298516178,7.081322996210514,483.5329177641602,15.636109936646935,8.408967158973638,489.6238786749255
2.85,19.71509732370724,7.085003600354305,483.63650608999427,15.580573402952204,8.41248989350521,489.6842906469339
2.8666666666666667,19.619396042968333,7.088626586054332,483.7377993460597,15.52645752254391,8.415958337753231,489.7432055234744
2.8833333333333333,19.525849387766307,7.09219301361522,483.83684835223187,15.473725408964071,8.419373487617298,489.8006616299128
2.9,19.434409326824728,7.095703921379582,483.93370285252047,15.422341114934994,8.42273631802618,489.85669632095704
2.9166666666666665,19.34502884691325,7.099160326224934,484.02841153523883,15.372269609806867,8.42604778343174,489.91134600399283
2.933333333333333,19.257661933865165,7.10256322404841,484.1210220529194,15.323476757475436,8.429308818289627,489.9646461619269
2.95,19.172263553827094,7.1059135902390445,484.21158104197013,15.275929294763673,8.432520337526924,490.01663137554476
2.966666666666667,19.088789634744476,7.109212380138325,484.3001341420708,15.22959481026126,8.435683236997578,490.0673353453898
2.9833333333333334,19.00719704808581,7.1124605294892875,484.38672601530476,15.184441723615615,8.438798393925532,490.1167909131698
3.0,18.927443590808334,7.115658954874563,484.4714003650269,15.140439265267984,8.441866667336516,490.1650300827
3.0166666666666666,18.849487967567438,7.11880855414334,484.5541999544635,15.097557456628135,8.444888898478293,490.21208404038754
3.033333333333333,18.773289773171616,7.121910206828315,484.63516662504463,15.055767090681014,8.447865911230101,490.2579831752654
3.05,18.698809475284495,7.124964774551952,484.7143413144673,15.015039713018714,8.450798512501436,490.3027570985845
3.066666666666667,18.626008397375152,7.127973101423363,484.7917640744898,14.975347603291024,8.453687492620677,490.3464346629686
3.0833333333333335,18.554848701917486,7.130936014425142,484.86747408845605,14.936663757067773,8.456533625713714,490.38904398114136
3.1,18.48529337383931,7.133854323791194,484.94150968855087,14.898961868106225,8.45933767007284,490.4306124442326
3.1166666666666667,18.417306204221426,7.13672882337541,485.0139083727864,14.862216311016642,8.4621003685165,490.4711667396703
3.1333333333333333,18.350851774246618,7.139560291011489,485.08470682171924,14.826402124319241,8.464822448739762,490.51073286866585
3.15,18.28589543939848,7.142349488864117,485.15394091490055,14.791494993885669,8.467504623656101,490.54933616330163
3.1666666666666665,18.22240331390954,7.145097163772226,485.22164574705977,14.757471236758212,8.470147591730607,490.58700130322467
3.183333333333333,18.16034225545801,7.147804047583421,485.2878556440218,14.72430778533992,8.47275203730469,490.6237523319573
3.2,18.099679850112363,7.150470857481401,485.3526041783618,14.691982171948863,8.47531863091337,490.6596126728303
3.216666666666667,18.04038439752263,7.153098296304947,485.4159241847953,14.660472513729749,8.477848029593885,490.6946051445444
3.2333333333333334,17.982424896357198,7.155687052859972,485.4778477753101,14.629757497916216,8.480340877187336,490.728751976371
3.25,17.92577102998376,7.158237802223843,485.53840635403697,14.599816367437123,8.482797804632499,490.76207482299407
3.2666666666666666,17.87039315239286,7.160751206043202,485.59763063186466,14.570628906860165,8.485219430253013,490.79459477900593
3.283333333333333,17.8162622743623,7.163227912824303,485.6555506408,14.542175428666313,8.487606360037004,490.82633239305886
3.3,17.763350049860733,7.165668558216951,485.7121957480749,14.514436759848484,8.489959187910147,490.8573076816817
3.316666666666667,17.7116287626884,7.168073765291955,485.76759467000346,14.487394228828041,8.492278496002251,490.88754014276867
3.3333333333333335,17.66107131335302,7.170444144811872,485.821775485591,14.461029652682697,8.4945648549073,490.91704876874644
3.35,17.611651206178756,7.172780295495962,485.8747656498977,14.43532532467952,8.496818823937238,490.9458520594248
3.3666666666666667,17.563342536645923,7.175082804278695,485.92659200716,14.410264002106763,8.499040951369665,490.97396803454035
3.3833333333333333,17.51611997895921,7.177352246562657,485.9772808036713,14.385828894398331,8.501231774689717,491.00141424599684
3.4,17.469958773842052,7.179589186465506,486.02685770042484,14.362003651544859,8.503391820826138,491.0282077898106
3.4166666666666665,17.4248347165546,7.181794177061261,486.07534778552343,14.338772352785229,8.50552160638156,491.0543653177657
3.433333333333333,17.380724145132845,7.183967760616428,486.12277558635566,14.316119495572751,8.507621637857717,491.0799030487867
3.45,17.337603928846335,7.18611046882045,486.16916508154463,14.294029984810003,8.509692411874983,491.1048367800338
3.466666666666667,17.295451456871803,7.188222823011005,486.21453971266976,14.272489122346615,8.511734415386929,491.1291818977263
3.4833333333333334,17.254244627180096,7.190305334394407,486.25892239576575,14.25148259673432,8.513748125889675,491.1529533877022
3.5,17.213961835633675,7.192358504260749,486.3023355326014,14.23099647323361,8.515734011626574,491.17616584571704
3.5166666666666666,17.17458196529192,7.194382824194578,486.34480102174194,14.211017184066506,8.51769253178789,491.1988334874898
3.533333333333333,17.136084375921524,7.196378776280414,486.38634026939627,14.191531518910004,8.519624136705929,491.2209701585011
3.55,17.098448893709154,7.198346833304063,486.4269742000541,14.172526615624836,8.521529268045601,491.24258934354805
3.566666666666667,17.061655801173586,7.200287458948882,486.4667232669143,14.153989951214307,8.523408358990268,491.26370417606216
3.5833333333333335,17.025685827274444,7.20220110798851,486.50560746210954,14.135909333008028,8.525261834424105,491.2843274471975
3.6,16.9905201377147,7.204088226474299,486.54364632672736,14.118272890065443,8.527090111109121,491.30447161468925
3.6166666666666667,16.956140325434195,7.205949251919384,486.58085896063403,14.101069064794196,8.528893597859051,491.32414881149424
3.6333333333333333,16.922528401291174,7.207784613478063,486.61726403210184,14.084286604778395,8.530672695708605,491.3433708542127
3.65,16.889666784929062,7.20959473212171,486.6528797872443,14.06791455481199,8.53242779807922,491.3621492513011
3.6666666666666665,16.85753829582562,7.211380020810138,486.68772405926046,14.051942249132512,8.534159290940604,491.3804952110772
3.683333333333333,16.82612614452158,7.213140884659914,486.72181427749507,14.036359303850535,8.535867552969222,491.39841964952404
3.7,16.795413924026004,7.214877721108342,486.7551674763123,14.021155609570318,8.537552955702317,491.41593319789763
3.716666666666667,16.7653856013954,7.216590920074016,486.78780030379136,14.006321324197184,8.539215863689115,491.4330462101416
3.7333333333333334,16.736025509483884,7.218280864113909,486.8197290302433,13.99184686592718,8.54085663463819,491.4497687701156
3.75,16.707318338861487,7.219947928576783,486.85096955655337,13.977722906414797,8.542475619561632,491.46611069863854
3.7666666666666666,16.679249129897883,7.2215924817535235,486.8815374223529,13.96394036411453,8.544073162915792,491.4820815603551
3.783333333333333,16.651803265008663,7.223214885023883,486.91144781402096,13.950490397792107,8.545649602739232,491.4976906704263
3.8,16.624966461061476,7.224815493000072,486.9407155725217,13.937364400201394,8.547205270786874,491.51294710104975
3.816666666666667,16.598724761939188,7.226394653667095,486.96935520107775,13.924553991922966,8.54874049266172,491.5278596878141
3.8333333333333335,16.57306453125749,7.227952708520365,486.997380872685,13.912051015360536,8.550255587943335,491.5424370358908
3.85,16.547972445234056,7.229489992699797,487.02480643746907,13.899847528891348,8.551750870313443,491.55668752606744
3.8666666666666667,16.52343548570672,7.2310068351212795,487.0516454298883,13.887935801166899,8.55322664767868,491.57061932062675
3.8833333333333333,16.499440933297976,7.232503558605208,487.077911075785,13.876308305560306,8.554683222290645,491.58424036907405
3.9,16.475976360723116,7.233980480002027,487.10361629928764,13.864957714756745,8.556120890863236,491.5975584137186
3.9166666666666665,16.4530296262395,7.235437910315478,487.1287737295682,13.853876895483499,8.557539944687523,491.6105809951109
3.933333333333333,16.430588867234274,7.236876154822485,487.1533957074549,13.843058903376198,8.558940669743462,491.62331545733895
3.95,16.40864249394811,7.238295513190947,487.17749429190485,13.832496977977886,8.560323346809918,491.6357689531898
3.966666666666667,16.38717918333235,7.2396962795947895,487.2010812663392,13.822184537867688,8.561688251571644,491.6479484491762
3.9833333333333334,16.366187873037084,7.24107874282647,487.22416814484205,13.812115175915837,8.563035654724112,491.659860730434
4.0,16.34565775552777,7.242443186407083,487.2467661782272,13.80228265466197,8.564365822075935,491.67151240549265
4.016666666666667,16.325578272327892,7.243789888693973,487.2688863599741,13.792680901813657,8.56567901464909,491.68290991092226
4.033333333333333,16.305939108385285,7.245119122986234,487.2905394320366,13.78330400586208,8.566975488776828,491.69405951585964
4.05,16.286730186559776,7.246431157627618,487.3117358905261,13.774146211812084,8.568255496199441,491.7049673264171
4.066666666666666,16.26794166222981,7.247726256107339,487.3324859912717,13.765201917023623,8.569519284157987,491.71563928997716
4.083333333333333,16.249563918015724,7.2490046771588075,487.3527997552599,13.756465667161878,8.570767095485689,491.7260811993739
4.1,16.23158755861744,7.250266674856121,487.3726869739564,13.747932152253325,8.571999168697799,491.73629869696754
4.116666666666666,16.214003405764327,7.251512498708244,487.39215721451154,13.739596202845034,8.573215738078755,491.74629727861077
4.133333333333334,16.19680249327501,7.25274239375164,487.4112198248535,13.731452786264667,8.574417033768295,491.7560822975132
4.15,16.179976062224995,7.253956600640394,487.4298839386686,13.723497002978592,8.575603281844877,491.76565896800355
4.166666666666667,16.163515556219952,7.255155355734697,487.4481584802736,13.715724083045652,8.576774704407716,491.7750323691944
4.183333333333334,16.147412616772513,7.2563388911873865,487.4660521693811,13.708129382664142,8.577931519656918,491.78420744855043
4.2,16.131659078780576,7.2575074350284625,487.4835735257598,13.700708380809647,8.57907394197184,491.7931890253635
4.216666666666667,16.116246966105052,7.258661211248005,487.500730873793,13.693456675961444,8.580202181987852,491.8019817941369
4.233333333333333,16.101168487245015,7.259800439876953,487.51753234693507,13.686369982915165,8.581316446670986,491.81059032788
4.25,16.08641603110833,7.260925337066681,487.5339858920719,13.679444129679567,8.582416939391724,491.8190190813176
4.266666666666667,16.071982162875766,7.262036115166339,487.5500992737822,13.672675054455233,8.58350385999636,491.82727239401356
4.283333333333333,16.057859619956744,7.263132982798776,487.56588007850684,13.66605880269311,8.584577404877415,491.83535449341366
4.3,16.044041308034767,7.264216144934819,487.5813357186231,13.659591524230839,8.585637767042003,491.84326949780717
4.316666666666666,16.03052029720077,7.265285802965962,487.5964734364314,13.65326947050488,8.586685136179403,491.85102141921186
4.333333333333333,16.017289818172493,7.266342154775504,487.6113003080505,13.647088991836469,8.587719698726435,491.85861416618144
4.35,16.00434325859814,7.267385394807972,487.6258232472275,13.641046534789531,8.588741637931731,491.86605154654006
4.366666666666666,15.991674159442574,7.268415714137425,487.6400490090624,13.635138639598651,8.589751133918861,491.8733372700446
4.383333333333334,15.979276211454303,7.2694333005339775,487.6539841936491,13.629361937665331,8.590748363747638,491.88047495097595
4.4,15.967143251711555,7.270438338528998,487.66763524963505,13.623713149120746,8.591733501474431,491.88746811066306
4.416666666666667,15.955269260245844,7.27143100947895,487.6810084777017,13.618189080453266,8.592706718210845,491.8943201799386
4.433333333333334,15.943648356741326,7.27241149162798,487.69411003396567,13.612786622199113,8.593668182181784,491.9010345015318
4.45,15.932274797308365,7.273379960168741,487.7069459333045,13.60750274669442,8.594618058781313,491.90761433239607
4.466666666666667,15.92114297132977,7.274336587302631,487.71952205260703,13.602334505887193,8.595556510628331,491.91406284597633
4.483333333333333,15.910247398378093,7.275281542297891,487.73184413395086,13.597279029207547,8.596483697620135,491.92038313441543
4.5,15.89958272520255,7.2762149915473415,487.74391778770774,13.59233352149474,8.597399776985553,491.9265782107029
4.516666666666667,15.889143722784018,7.277137098624177,487.75574849557927,13.587495260979482,8.598304903336468,491.9326510107654
4.533333333333333,15.878925283456688,7.27804802433698,487.76734161356364,13.582761597320085,8.599199228718605,491.9386043955041
4.55,15.868922418094913,7.278947926783452,487.77870237485547,13.57812994969109,8.600082902660791,491.94444115277537
4.566666666666666,15.859130253363878,7.279836961403024,487.7898358926798,13.57359780492292,8.600956072223715,491.9501639993207
4.583333333333333,15.849544029032685,7.280715281028247,487.80074716306154,13.569162715691277,8.601818882047011,491.9557755826446
4.6,15.840159095348548,7.281583035935435,487.81144106753294,13.56482229875495,8.602671474396152,491.9612784828428
4.616666666666666,15.830970910470691,7.282440373893721,487.8219223757784,13.560574233240764,8.603513989207489,491.966675214382
4.633333333333334,15.821975037962774,7.28328744021347,487.83219574821953,13.55641625897446,8.604346564132818,491.9719682278323
4.65,15.813167144342454,7.2841243777935905,487.8422657385419,13.552346174856227,8.605169334582996,491.977159911553
4.666666666666667,15.804542996686905,7.284951327167713,487.85213679616345,13.548361837279792,8.605982433770487,491.9822525933345
4.683333333333334,15.79609846029306,7.285768426549641,487.8618132686467,13.544461158593865,8.606785992751192,491.987248541996
4.7,15.787829496391351,7.286575811877548,487.87129940405623,13.540642105604805,8.607580140465034,491.99214996894045
4.716666666666667,15.779732159911825,7.287373616857535,487.8805993532619,13.536902698119496,8.608365003776235,491.9969590296688
4.733333333333333,15.771802597301408,7.288161973006105,487.88971717219,13.533241007527279,8.609140707512251,492.001677825253
4.75,15.76403704439129,7.288941009691677,487.89865682402166,13.529655155419945,8.60990737450212,492.0063084037708
4.766666666666667,15.756431824313223,7.2897108541755316,487.90742218134227,13.526143312248815,8.610665125613972,492.0108527617014
4.783333333333333,15.74898334546371,7.290471631651528,487.9160170282406,13.522703696017844,8.611414079791809,492.0153128452849
4.8,15.741688099515036,7.291223465285393,487.92444506236046,13.519334571011857,8.612154354091423,492.019690551844
4.816666666666666,15.73454265947204,7.291966476252701,487.9327098969044,13.516034246558968,8.612886063715477,492.0239877310723
4.833333333333333,15.727543677773681,7.29270078377657,487.9408150625923,13.51280107582626,8.613609322048317,492.02820618628704
4.85,15.720687884438336,7.293426505164115,487.9487640095744,13.509633454647831,8.614324240689186,492.03234767564845
4.866666666666666,15.71397208525193,7.294143755842636,487.95656010929986,13.506529820384396,8.615030929485851,492.03641391334753
4.883333333333334,15.707393159997862,7.294852649394582,487.9642066563436,13.503488650813544,8.615729496566637,492.0404065707608
4.9,15.700948060727843,7.29555329759205,487.9717068701895,13.50050846304987,8.616420048372065,492.04432727757535
4.916666666666667,15.69463381007272,7.296245810430548,487.9790638969735,13.497587812494164,8.61710268968618,492.0481776228834
4.933333333333334,15.688447499592392,7.2969302961619364,487.9862808111862,13.49472529181089,8.61777752366667,492.0519591562478
4.95,15.682386288163915,7.297606861326905,487.9933606173359,13.491919529933215,8.618444651874803,492.0556733887387
4.966666666666667,15.676447400406953,7.298275610786486,488.0003062515734,13.489169191094811,8.619104174304375,492.05932179394307
4.983333333333333,15.670628125145775,7.298936647753309,488.0071205832796,13.486472973887757,8.619756189410639,492.06290580894716
5.0,15.664925813906885,7.299590073821769,488.0138064166154,13.483829610345826,8.620400794137906,492.06642683529253
5.016666666666667,15.659337879451577,7.300235988997865,488.0203664920367,13.481237865052435,8.621038083946988,492.0698862399062
5.033333333333333,15.65386179434252,7.300874491728469,488.02680348777426,13.478696534272705,8.621668152842357,492.0732853560075
5.05,15.648495089543742,7.301505678929694,488.03312002127797,13.476204445108865,8.62229109339801,492.07662548398855
5.066666666666666,15.643235353053088,7.302129646015073,488.0393186506298,13.47376045467843,8.622906996783565,492.0799078922734
5.083333333333333,15.63808022856656,7.30274648692277,488.0454018759219,13.471363449314554,8.623515952789255,492.0831338181521
5.1,15.633027414173744,7.303356294142433,488.051372140604,13.46901234378794,8.62411804985056,492.08630446859394
5.116666666666666,15.628074661083618,7.303959158741641,488.0572318327987,13.466706080549727,8.624713375072778,492.089421021039
5.133333333333334,15.62321977238006,7.304555170391549,488.0629832865876,13.464443628994802,8.625302014254466,492.092484624168
5.15,15.618460601806408,7.30514441739213,488.0686287832653,13.462223984744982,8.625884051910758,492.0954963986514
5.166666666666667,15.61379505257834,7.3057269866969,488.07417055256644,13.460046168951532,8.626459571296015,492.0984574378792
5.183333333333334,15.60922107622448,7.306302963937139,488.07961077386307,13.45790922761649,8.627028654426388,492.1013688086707
5.2,15.604736671454123,7.306872433445715,488.08495157733404,13.455812230932324,8.627591382101475,492.10423155196634
5.216666666666667,15.600339883051342,7.307435478280097,488.0901950451077,13.453754272639369,8.628147833925707,492.1070466834993
5.233333333333333,15.596028800795017,7.307992180245431,488.09534321237777,13.451734469400634,8.628698088329534,492.1098151944505
5.25,15.591801558404084,7.308542619916571,488.10039806849346,13.449751960193455,8.629242222589854,492.1125380520861
5.266666666666667,15.587656332507473,7.309086876660197,488.10536155802356,13.44780590571757,8.629780312850194,492.11521620037746
5.283333333333333,15.583591341638183,7.309625028656113,488.1102355817959,13.445895487819163,8.63031243414044,492.1178505606047
5.3,15.579604845250866,7.310157152918238,488.1150219979135,13.444019908930455,8.63083866039628,492.1204420319446
5.316666666666666,15.575695142762477,7.310683325315258,488.1197226227459,13.442178391524399,8.631359064478023,492.1229914920421
5.333333333333333,15.571860572615364,7.311203620590796,488.12433923189735,13.440370177584102,8.631873718189487,492.1254997975674
5.35,15.568099511362352,7.31171811238305,488.12887356115334,13.438594528086552,8.632382692295888,492.1279677847572
5.366666666666666,15.564410372773281,7.312226873244322,488.13332730740433,13.436850722500273,8.632886056541818,492.1303962699425
5.383333333333334,15.560791606962514,7.312729974659849,488.13770212954785,13.435138058296545,8.633383879668935,492.1327860500617
5.4,15.55724169953691,7.313227487066651,488.1419996493697,13.43345585047379,8.633876229433046,492.1351379031606
5.416666666666667,15.553759170763792,7.313719479871489,488.1462214524049,13.431803431094792,8.634363172620674,492.1374525888782
5.433333333333334,15.550342574758506,7.314206021468929,488.150369088778,13.43018014883641,8.634844775066034,492.1397308489205
5.45,15.546990498691008,7.314687179258727,488.1544440740236,13.428585368551413,8.635321101666712,492.141973407521
5.466666666666667,15.54370156201113,7.315163019663135,488.15844788988846,13.427018470842151,8.635792216399953,492.1441809718895
5.483333333333333,15.540474415692069,7.315633608143652,488.16238198511417,13.425478851645709,8.636258182337897,492.1463542326484
5.5,15.537307741491645,7.316099009217616,488.166247776202,13.423965921830247,8.63671906166306,492.14849386425783
5.516666666666667,15.534200251230923,7.31655928647426,488.17004664815875,13.422479106802218,8.63717491568311,492.1506005254295
5.533333333333333,15.531150686089866,7.31701450259071,488.1737799552271,13.421017846124183,8.63762580484567,492.15267485952904
5.55,15.52815781591949,7.317464719347383,488.1774490215968,13.419581593142913,8.638071788752523,492.15471749496817
5.566666666666666,15.525220438570287,7.317909997643376,488.18105514210066,13.41816981462752,8.638512926173837,492.15672904558613
5.583333333333333,15.522337379236388,7.3183503975113675,488.1845995828933,13.416781990417332,8.63894927506199,492.1587101110212
5.6,15.519507489815242,7.318785978132236,488.18808358211504,13.415417613079248,8.639380892565052,492.16066127707234
5.616666666666666,15.516729648282322,7.31921679784953,488.1915083505387,13.414076187574326,8.639807835040159,492.16258311605117
5.633333333333334,15.514002758080608,7.319642914183411,488.19487507220293,13.41275723093336,8.64023015806655,492.16447618712425
5.65,15.511325747524431,7.320064383844613,488.1981849050295,13.411460271941165,8.640647916458196,492.1663410366472
5.666666666666667,15.508697569217393,7.320481262747924,488.2014389814268,13.41018485082937,8.641061164276552,492.1681781984888
5.683333333333334,15.506117199483986,7.320893606025573,488.2046384088786,13.408930518977495,8.641469954842915,492.16998819434747
5.7,15.503583637814634,7.321301468040135,488.20778427051965,13.407696838622037,8.64187434075021,492.17177153405925
5.716666666666667,15.501095906323828,7.3217049023973555,488.21087762569726,13.406483382573404,8.642274373875097,492.1735287158966
5.733333333333333,15.498653049221009,7.322103961958675,488.2139195105201,13.405289733940451,8.642670105389373,492.1752602268609
5.75,15.496254132293998,7.322498698853694,488.216910938394,13.40411548586243,8.643061585771653,492.1769665429659
5.766666666666667,15.493898242404544,7.3228891644919365,488.21985290054465,13.402960241248127,8.643448864818257,492.17864812951404
5.783333333333333,15.491584486995837,7.323275409574965,488.2227463665293,13.401823612522026,8.64383199165441,492.1803054413661
5.8,15.489311993611619,7.323657484107827,488.22559228473517,13.400705221377272,8.64421101474485,492.18193892320284
5.816666666666666,15.48707990942663,7.324035437410399,488.2283915828669,13.39960469853529,8.644585981904422,492.18354900978
5.833333333333333,15.484887400788187,7.324409318128765,488.23114516842224,13.398521683511829,8.644956940308585,492.1851361261771
5.85,15.482733652768557,7.324779174245984,488.2338539291567,13.397455824389313,8.645323936503384,492.1867006880388
5.866666666666666,15.480617868727897,7.325145053092924,488.23651873353765,13.396406777595281,8.64568701641561,492.1882431018108
5.883333333333334,15.478539269887536,7.325507001358792,488.23914043118697,13.395374207686773,8.646046225362486,492.1897637649688
5.9,15.476497094913318,7.325865065101376,488.2417198533141,13.394357787140494,8.646401608061225,492.19126306624173
5.916666666666667,15.47449059950881,7.326219289757509,488.2442578131386,13.393357196148603,8.646753208638748,492.1927413858291
5.933333333333334,15.472519056018088,7.326569720152616,488.2467551063022,13.392372122419976,8.647101070640492,492.19419909561265
5.95,15.47058175303795,7.326916400510835,488.24921251127313,13.391402260986787,8.647445237040035,492.19563655936224
5.966666666666667,15.468677995039252,7.3272593744644094,488.2516307897381,13.39044731401627,8.647785750247504,492.19705413293707
5.983333333333333,15.4668071019972,7.3275986850631885,488.2540106869878,13.38950699062751,8.648122652118793,492.1984521644804
6.0,15.464968409030408,7.327934374783859,488.25635293229135,13.38858100671314,8.64845598396379,492.1998309946099
6.016666666666667,15.463161266048447,7.328266485538971,488.25865823926375,13.387669084765816,8.648785786554999,492.20119095660317
6.033333333333333,15.461385037407744,7.3285950586859245,488.2609273062224,13.386770953709307,8.64911210013592,492.20253237657835
6.05,15.459639101575611,7.328920135035614,488.2631608165383,13.385886348734104,8.649434964429007,492.2038555736691
6.066666666666666,15.457922850802207,7.329241754861063,488.265359438976,13.38501501113744,8.64975441864372,492.20516086019626
6.083333333333333,15.456235690800252,7.329559957905749,488.2675238280275,13.384156688167552,8.650070501484329,492.2064485418343
6.1,15.454577040432328,7.329874783392021,488.26965462423766,13.383311132872105,8.650383251157832,492.20771891777355
6.116666666666666,15.452946331405546,7.330186270029147,488.27175245452213,13.38247810395068,8.650692705381202,492.2089722808786
6.133333333333334,15.451343007973447,7.3304944560211425,488.2738179324778,13.38165736561115,8.650998901389102,492.2102089178414
6.15,15.449766526644938,7.330799379074707,488.27585165868584,13.380848687429927,8.65130187594087,492.21142910933196
6.166666666666667,15.448216355900115,7.331101076407011,488.2778542210077,13.380051844215894,8.651601665328025,492.2126331301439
6.183333333333334,15.446691975912774,7.331399584752958,488.27982619487466,13.379266615877977,8.651898305381115,492.2138212493369
6.2,15.445192878279542,7.3316949403728655,488.2817681435694,13.378492787296254,8.652191831476681,492.21499373037494
6.216666666666667,15.44371856575533,7.331987179059549,488.2836806185028,13.377730148196447,8.65248227854396,492.21615083126136
6.233333333333333,15.442268551995085,7.332276336145395,488.285564159482,13.376978493027783,8.652769681071572,492.2172928046702
6.25,15.440842361301646,7.332562446509654,488.28741929497465,13.376237620844092,8.653054073114335,492.2184198980742
6.266666666666667,15.439439528379527,7.332845544585058,488.2892465423648,13.375507335188054,8.653335488299263,492.21953235386974
6.283333333333333,15.438059598094544,7.333125664364625,488.2910464082037,13.374787443978514,8.65361395983226,492.2206304094976
6.3,15.436702125239105,7.333402839408357,488.2928193884556,13.3740777594008,8.653889520504073,492.2217142975619
6.316666666666666,15.435366674303049,7.333677102849801,488.29456596873626,13.373378097799925,8.654162202696618,492.22278424594515
6.333333333333333,15.434052819249892,7.3339484874022896,488.29628662454684,13.372688279576643,8.654432038388807,492.2238404779204
6.35,15.432760143298367,7.334217025365291,488.29798182150165,13.372008129086206,8.654699059162445,492.2248832122606
6.366666666666666,15.431488238709116,7.334482748630684,488.2996520155517,13.371337474539867,8.654963296208173,492.22591266334547
6.383333333333334,15.43023670657642,7.334745688688667,488.30129765320186,13.370676147908934,8.65522478033097,492.22692904126484
6.4,15.429005156624827,7.33500585161001,488.3029191466994,13.370023984831368,8.655483528728519,492.227932538693
6.416666666666667,15.427793207282098,7.335263312391162,488.3045169674095,13.369380824705983,8.655739593290573,492.2289233785227
6.433333333333334,15.426600484786258,7.3355180853897695,488.30609151971925,13.368746510140886,8.655992997328918,492.22990175276163
6.45,15.425426623531065,7.335770198260773,488.3076432123797,13.36812088720127,8.656243768790171,492.23086785413386
6.466666666666667,15.424271265799536,7.336019680035487,488.30917244729375,13.367503805286955,8.656491936209969,492.23182187238456
6.483333333333333,15.423134061567406,7.336266559719964,488.31067961840876,13.366895117040466,8.656737528018787,492.23276399374396
6.5,15.422014668322067,7.33651086606019,488.3121651116943,13.366294678263893,8.656980572385157,492.233694400878
6.516666666666667,15.420912750888569,7.336752627486145,488.3136293052749,13.365702347839829,8.657221097171597,492.2346132729346
6.533333333333333,15.419827981260628,7.33699187209634,488.3150725695907,13.365117987655118,8.65745912992105,492.23552078561124
6.55,15.418760038436082,7.33722862765364,488.3164952675623,13.364541462526935,8.657694697853126,492.23641711122883
6.566666666666666,15.417708608256357,7.337462921586074,488.3178977547549,13.363972640130973,8.657927827864773,492.2373024188063
6.583333333333333,15.416673383249892,7.337694780989273,488.31928037954117,13.363411390931573,8.65815854653257,492.2381768741339
6.6,15.415654062479254,7.337924232629957,488.32064348325906,13.362857588113773,8.658386880115888,492.23904063984713
6.616666666666666,15.414650351391927,7.338151302950032,488.32198740036796,13.362311107517137,8.658612854560845,492.23989387549705
6.633333333333334,15.413661961674647,7.338376018070241,488.32331245860007,13.361771827571348,8.658836495503634,492.2407367376206
6.65,15.412688611111138,7.338598403794964,488.32461897910974,13.361239629233491,8.65905782827509,492.24156937980825
6.666666666666667,15.411730023443257,7.338818485616084,488.3259072766183,13.360714395926983,8.659276877904256,492.242391952771
6.683333333333334,15.4107859282354,7.33903628871723,488.32717765955636,13.360196013482103,8.659493669122496,492.2432046044053
6.7,15.409856060742086,7.339251837978216,488.32843043020273,13.359684370078067,8.65970822636765,492.24400747985607
6.716666666666667,15.40894016177869,7.3394651579791415,488.32966588482,13.359179356186637,8.659920573787746,492.24480072157905
6.733333333333333,15.408037977595194,7.339676273004415,488.33088431378695,13.358680864517158,8.660130735245106,492.2455844694006
6.75,15.40714925975291,7.339885207046991,488.33208600172816,13.358188789963075,8.66033873432009,492.2463588605769
6.766666666666667,15.40627376500412,7.340091983812352,488.3332712276408,13.35770302954978,8.660544594314958,492.2471240298509
6.783333333333333,15.405411255174535,7.3402966267223775,488.3344402650176,13.35722348238387,8.660748338257587,492.2478801095089
6.8,15.404561497048519,7.340499158919445,488.3355933819683,13.35675004960368,8.66094998890523,492.24862722943453
6.816666666666666,15.403724262256995,7.340699603270171,488.3367308413374,13.35628263433111,8.66114956874811,492.2493655171619
6.833333333333333,15.402899327167997,7.340897982369125,488.3378529008189,13.355821141624704,8.661347100012998,492.2500950979281
6.85,15.402086472779795,7.341094318542802,488.33895981306995,13.35536547843391,8.661542604666863,492.25081609472335
6.866666666666666,15.40128548461651,7.341288633852971,488.3400518258198,13.354915553554573,8.661736104420172,492.25152862833994
6.883333333333334,15.400496152626195,7.341480950100664,488.3411291819781,13.354471277585517,8.661927620730562,492.25223281742143
6.9,15.399718271081296,7.341671288829409,488.342192119739,13.354032562886287,8.662117174805976,492.25292877850865
6.916666666666667,15.398951638481439,7.341859671328942,488.34324087268476,13.353599323535944,8.662304787608159,492.25361662608566
6.933333333333334,15.39819605745851,7.342046118638548,488.34427566988523,13.35317147529295,8.662490479855787,492.2542964726245
6.95,15.397451334683957,7.342230651550448,488.34529673599593,13.352748935556061,8.662674272027818,492.2549684286291
6.966666666666667,15.396717280778246,7.342413290613207,488.3463042913536,13.352331623326224,8.662856184366547,492.255632602677
6.983333333333333,15.39599371022244,7.342594056135053,488.3472985520702,13.351919459169444,8.663036236880922,492.2562891014611
7.0,15.395280441271867,7.342772968186961,488.34827973012335,13.351512365180623,8.663214449349324,492.2569380298305
7.016666666666667,15.39457729587178,7.342950046605912,488.349248033446,13.351110264948295,8.66339084132284,492.2575794908292
7.033333333333333,15.393884099575,7.3431253109981345,488.35020366601367,13.350713083520267,8.663565432128214,492.258213585735
7.05,15.393200681461481,7.343298780741886,488.3511468279295,13.350320747370153,8.663738240870504,492.25884041409694
7.066666666666666,15.392526874059755,7.343470474990887,488.35207771550705,13.34993318436472,8.66390928643645,492.25946007377195
7.083333333333333,15.39186251327022,7.34364041267693,488.35299652135245,13.349550323732116,8.664078587496826,492.26007266096036
7.1,15.391207438290186,7.343808612513103,488.35390343444277,13.349172096030847,8.664246162509594,492.2606782702408
7.116666666666666,15.390561491540705,7.343975092996528,488.3547986402048,13.34879843311958,8.66441202972253,492.26127699460466
7.133333333333334,15.389924518595084,7.34413987241123,488.35568232058984,13.3484292681277,8.664576207175909,492.2618689254886
7.15,15.389296368109083,7.344302968830922,488.35655465414817,13.3480645354266,8.66473871270519,492.26245415280727
7.166666666666667,15.388676891752706,7.344464400121874,488.3574158161018,13.347704170601707,8.66489956394366,492.2630327649849
7.183333333333334,15.388065944143618,7.3446241839454744,488.3582659784147,13.347348110425202,8.665058778325102,492.26360484898635
7.2,15.387463382782085,7.344782337760999,488.3591053098623,13.346996292829447,8.665216373086182,492.26417049034643
7.216666666666667,15.386869067987437,7.3449388788282715,488.3599339760988,13.346648656881039,8.665372365269187,492.2647297732004
7.233333333333333,15.386282862835992,7.345093824210083,488.3607521397231,13.346305142755572,8.665526771724165,492.2652827803114
7.25,15.385704633100467,7.345247190775015,488.36155996034427,13.345965691712971,8.665679609111809,492.2658295930999
7.266666666666667,15.38513424719072,7.345398995199707,488.36235759464296,13.345630246073485,8.665830893905534,492.2663702916697
7.283333333333333,15.384571576095954,7.345549253971407,488.3631451964344,13.345298749194267,8.665980642393832,492.26690495483524
7.3,15.384016493328183,7.345697983390488,488.3639229167281,13.344971145446532,8.66612887068278,492.2674336601474
7.316666666666666,15.383468874867054,7.345845199572835,488.3646909037866,13.344647380193285,8.666275594698389,492.26795648391953
7.333333333333333,15.382928599105949,7.345990918451941,488.36544930318314,13.344327399767616,8.666420830188425,492.2684735012512
7.35,15.382395546799307,7.346135155781697,488.36619825785795,13.344011151451506,8.666564592725303,492.2689847860535
7.366666666666666,15.38186960101118,7.346277927138276,488.3669379081729,13.34369858345519,8.666706897707732,492.26949041107224
7.383333333333334,15.381350647064984,7.346419247922652,488.3676683919656,13.343389644897014,8.666847760363131,492.26999044791086
7.4,15.380838572494397,7.346559133362695,488.36838984460167,13.343084285783789,8.666987195749686,492.27048496705316
7.416666666666667,15.380333266995418,7.346697598515313,488.36910239902573,13.342782456991623,8.667125218758441,492.2709740378859
7.433333333333334,15.379834622379482,7.346834658268827,488.36980618581237,13.34248411024724,8.667261844115579,492.2714577287194
7.45,15.379342532527708,7.346970327344837,488.3705013332141,13.342189198109757,8.667397086384057,492.2719361068091
7.466666666666667,15.3788568933462,7.347104620300452,488.37118796721035,13.34189767395289,8.667530959965998,492.272409238376
7.483333333333333,15.378377602722303,7.347237551530436,488.3718662115533,13.341609491947615,8.667663479104489,492.2728771886271
7.5,15.377904560481982,7.347369135269063,488.3725361878145,13.341324607045241,8.667794657885596,492.27334002177423
7.516666666666667,15.377437668348085,7.347499385592126,488.3731980154289,13.341042974960905,8.667924510240134,492.2737978010539
7.533333333333333,15.376976829899615,7.347628316419118,488.37385181173914,13.340764552157461,8.668053049945847,492.2742505887454
7.55,15.376521950531922,7.3477559415149045,488.3744976920379,13.340489295829766,8.668180290629005,492.2746984461897
7.566666666666666,15.376072937417806,7.347882274491959,488.3751357696103,13.340217163889337,8.668306245766471,492.275141433807
7.583333333333333,15.37562969946953,7.348007328811879,488.3757661557743,13.339948114949404,8.668430928687364,492.27557961111427
7.6,15.375192147301675,7.3481311177875295,488.3763889599203,13.33968210831029,8.668554352574882,492.2760130367423
7.616666666666666,15.374760193194874,7.34825365458473,488.37700428955134,13.339419103945168,8.668676530468055,492.276441768452
7.633333333333334,15.374333751060355,7.348374952224156,488.37761225032017,13.339159062486164,8.66879747526362,492.2768658631515
7.65,15.373912736405313,7.3484950235831015,488.3782129460671,13.338901945210766,8.668917199717628,492.27728537691127
7.666666666666667,15.373497066299048,7.348613881397099,488.3788064788567,13.338647714028596,8.669035716447018,492.27770036498043
7.683333333333334,15.373086659339918,7.34873153826191,488.37939294901304,13.338396331468466,8.669153037931565,492.2781108818009
7.7,15.372681435622992,7.3488480066349355,488.37997245515515,13.338147760665764,8.669269176515282,492.27851698102364
7.716666666666667,15.372281316708484,7.3489632988371785,488.38054509423046,13.337901965350133,8.669384144408179,492.2789187155222
7.733333333333333,15.371886225590893,7.349077427054674,488.3811109615488,13.337658909833436,8.669497953687832,492.2793161374073
7.75,15.371496086668834,7.349190403340201,488.3816701508148,13.337418558998031,8.669610616300833,492.27970929804053
7.766666666666667,15.371110825715569,7.349302239614925,488.38222275415984,13.337180878285297,8.669722144064618,492.28009824804826
7.783333333333333,15.3707303698502,7.3494129476700865,488.38276886217307,13.33694583368443,8.669832548668815,492.28048303733493
7.8,15.37035464750952,7.349522539168292,488.38330856393253,13.336713391721531,8.669941841676733,492.28086371509556
7.816666666666666,15.369983588420498,7.349631025645259,488.3838419470342,13.336483519448938,8.670050034526932,492.281240329829
7.833333333333333,15.369617123573395,7.349738418511337,488.38436909762186,13.336256184434783,8.6701571385347,492.2816129293501
7.85,15.36925518519548,7.349844729052974,488.38489010041525,13.336031354752839,8.670263164893496,492.28198156080214
7.866666666666666,15.368897706725338,7.349949968434081,488.38540503873816,13.335808998972556,8.670368124676306,492.28234627066826
7.883333333333334,15.368544622787788,7.350054147697741,488.385913994546,13.335589086149383,8.670472028837237,492.2827071047837
7.9,15.368195869169325,7.350157277767361,488.3864170484519,13.33537158581526,8.670574888212624,492.28306410834665
7.916666666666667,15.36785138279413,7.350259369448383,488.38691427975357,13.33515646796937,8.6706767135227,492.28341732592975
7.933333333333334,15.367511101700643,7.350360433429444,488.38740576645824,13.33494370306909,8.670777515372864,492.2837668014908
7.95,15.367174965018634,7.350460480283915,488.3878915853081,13.334733262021148,8.670877304254923,492.28411257838366
7.966666666666667,15.366842912946806,7.350559520471165,488.38837181180475,13.33452511617299,8.670976090548477,492.28445469936844
7.983333333333333,15.366514886730906,7.350657564337923,488.3888465202326,13.334319237304358,8.671073884522203,492.2847932066218
8.0,15.366190828642292,7.350754622119655,488.3893157836832,13.33411559761902,8.67117069633525,492.28512814174695
