time_hours,I2_center_nM,S2_free_center_nM,S2_total_center_nM,I2_edge_nM,S2_free_edge_nM,S2_total_edge_nM
0.0,100.0,0.0,0.0,100.0,0.0,0.0
0.016666666666666666,99.99596077909864,0.013706976834953567,0.3406360673786425,99.96588177562973,0.11581402267086555,2.8618105469275394
0.03333333333333333,99.98550165730647,0.03573882722009326,1.2075455521559568,99.88361619393382,0.28152930879605154,9.547257630778446
0.05,99.96821827729659,0.059537116059135115,2.6229054706713377,99.75523457404428,0.44371078739558306,19.641158956428942
0.06666666666666667,99.94454653963804,0.08227862672549469,4.54296418248828,99.5875710689534,0.5860410908802048,32.34944384539487
0.08333333333333333,99.91508922714885,0.10337346428094632,6.911755262006105,99.38736008920937,0.7084686921494404,46.916442941262275
0.1,99.88037588266171,0.12303577746346112,9.6794632138881,99.16003802755428,0.8149834796641912,62.72439740773852
0.11666666666666667,99.84081000836997,0.14166316304506735,12.806183701904294,98.90976201771727,0.9095842843191344,79.28996072170172
0.13333333333333333,99.79667632552818,0.159636278003824,16.261118865955677,98.63968653241379,0.9954111448952295,96.23870672821702
0.15,99.74816142782336,0.1772730858566857,20.020789705976316,98.35222829144016,1.0747702071638048,113.28050150951438
0.16666666666666666,99.6953737095423,0.1948301469111195,24.067332179796633,98.0492689507397,1.1493286528684454,130.1901851765881
0.18333333333333332,99.63835939362947,0.21251470119660862,28.38711083652567,97.73230092760548,1.2202946431423136,146.79322034344736
0.2,99.5771146990693,0.23049684390459457,32.969641367395816,97.40253090010627,1.2885513057498341,162.95511327163535
0.21666666666666667,99.51159491800786,0.24891931760959965,37.80675933639953,97.06095357783529,1.3547506234466589,178.57353443126632
0.23333333333333334,99.44172118389265,0.2679048411949789,42.891972670296006,96.70840486241298,1.419378295534249,193.57234148221997
0.25,99.3673855572976,0.28756145450607423,48.21994821008593,96.34560065271697,1.4827987306628172,207.89694616276574
0.26666666666666666,99.28845489641873,0.3079863834772952,53.78609559638311,95.97316552834384,1.5452866363709445,221.5106404151544
0.2833333333333333,99.20477385175602,0.3292688303963461,59.586222164416036,95.59165418528909,1.6070495472637343,234.39161734308777
0.3,99.11616723083175,0.35149198673911736,65.61624026226265,95.20156759551936,1.6682441671997623,246.53050459187082
0.31666666666666665,99.02244191213134,0.3747344798905118,71.87191401805185,94.80336526242648,1.72898843128988,257.9282836588902
0.3333333333333333,98.92338844056917,0.39907140185080037,78.34863663692343,94.3974745424465,1.7893705602075256,268.59450699482596
0.35,98.81878240392234,0.42457502314321854,85.04123225879742,93.98429773111921,1.8494559650858737,278.5457512365721
0.36666666666666664,98.7083856666603,0.4513152635822688,91.94377858109394,93.56421742544093,1.909292588326378,287.80426328153015
0.38333333333333336,98.59194752149106,0.4793599693358869,99.04944807436215,93.13760054497108,1.9689150839828216,296.39676866299743
0.4,98.46920580771629,0.5087750299330162,106.35036684853132,92.70480130315302,2.028348119191751,304.35342049163484
0.4166666666666667,98.33988803772384,0.5396243575387372,113.83749116733676,92.2661633554149,2.0876089950819443,311.70687323284125
0.43333333333333335,98.20371256765699,0.5719697425978248,121.50050232710576,91.82202130363419,2.1467097286421,318.49146959389213
0.45,98.06038984477026,0.6058705939444631,129.32772115769973,91.3727017019582,2.2056586976494557,324.7425313698994
0.4666666666666667,97.90962376168042,0.6413835671164951,137.30604379511448,90.9185236830165,2.2644619233585286,330.4957466623079
0.48333333333333334,97.75111314622923,0.6785620815439449,145.42090063229796,90.45979930366228,2.323124046479339,335.78664674939114
0.5,97.58455341463487,0.7174557253091691,153.65624048416691,89.99683369375661,2.3816490385210933,340.650166289879
0.5166666666666667,97.40963841470513,0.7581095452223041,161.99454200605828,89.52992507892147,2.440040681133471,345.12028065593057
0.5333333333333333,97.22606248479347,0.8005632200303652,170.4168542799024,89.05936473775964,2.498302839487494,349.22971415316573
0.55,97.03352275258328,0.8448501157568371,178.90286822544263,88.58543694514898,2.5564395512274127,353.00971279096393
0.5666666666666667,96.83172169533373,0.8909962245704713,187.43102010079463,88.10841894540297,2.6144549495854363,356.4898751845496
0.5833333333333334,96.62036997955394,0.9390189923498277,195.9786278247374,87.62858099199835,2.6723530375647297,359.6980351469246
0.6,96.39918959280786,0.9889260453801896,204.5220601823147,87.14618648392356,2.7301373294735476,362.66018959
0.6166666666666667,96.16791727311535,1.0407138334883212,213.03693816991824,86.66149222225839,2.787810376429905,365.40046551187186
0.6333333333333333,95.92630823186387,1.0943662153982487,221.4983668063636,86.17474880415394,2.8453731936911537,367.9411201012049
0.65,95.67414015401084,1.149853022051386,229.88119470065902,85.68620116476636,2.9028246097410006,370.30256833185894
0.6666666666666666,95.41121744451002,1.2071286447535068,238.1602975527155,85.19608927077012,2.960160559903751,372.5034328372621
0.6833333333333333,95.13737567240496,1.2661307067159029,246.31088060851565,84.70464896174784,3.017373350704192,374.56061132713194
0.7,94.85248614424887,1.326778887980241,254.3087939463919,84.2121129280071,3.0744509250107757,376.4893573198309
0.7166666666666667,94.55646051713285,1.3889739836799087,262.13085339803365,83.71871180528305,3.1313761618335616,378.303370492473
0.7333333333333333,94.24925533973281,1.4525972826422207,269.7551589792135,83.22467535853747,3.188126248020243,380.01489347919266
0.75,93.93087638894389,1.5175103558396226,277.1614020011396,82.73023371897631,3.244672161417103,381.6348124586545
0.7666666666666667,93.60138265175712,1.5835553405059881,284.3311516364601,82.23561863092449,3.3009783056843625,383.1727593499651
0.7833333333333333,93.26088978922313,1.6505557944250027,291.24811170208494,81.7410646588814,3.3570023352238665,384.63721386938613
0.8,92.90957291388735,1.7183181750762062,297.89833885791313,81.24681030057201,3.412695204039096,386.035604079464
0.8166666666666667,92.54766851603395,1.7866339699255915,304.2704143455866,80.75309894975695,3.4680014644618273,387.37440438166834
0.8333333333333334,92.17547538899323,1.8552824681969737,310.355562809255,80.26017965355355,3.5228598305350713,388.6592301614284
0.85,91.79335443036834,1.9240341232007314,316.1477136131695,79.76830761346423,3.57720400684105,389.8949284924836
0.8666666666666667,91.40172723393432,1.9926544111311872,321.6435023142766,79.27774438736492,3.6309637675677995,391.08566445138905
0.8833333333333333,91.00107343450397,2.0609080514369102,326.84221243285106,78.78875776119638,3.68406625389392,392.2350026917936
0.9,90.59192682234081,2.128563420026117,331.745660225779,78.30162127348136,3.7364374419153945,393.345983993085
0.9166666666666666,90.17487030080325,2.1953969639640687,336.3580276201822,77.81661339216114,3.7880037200151637,394.42119654179123
0.9333333333333333,89.75052981626986,2.2611974181759122,340.685650624285,77.33401636043011,3.838693505319839,395.462841739147
0.95,89.31956743839567,2.325769632568979,344.73677223424494,76.85411474491418,3.888438824838926,396.47279436526884
0.9666666666666667,88.88267380725702,2.3889378415356375,348.52126997860114,76.37719373435658,3.9371767885999445,397.4526569773868
0.9833333333333333,88.44056018887831,2.450548244615817,352.05036872113584,75.90353724877289,3.984850889447552,398.4038084808362
1.0,87.99395039032977,2.5104708131959055,355.33634917649823,75.43342592695367,4.031412076360322,399.3274468874626
1.0166666666666666,87.54357277995295,2.56860028852629,358.3922618395277,74.96713506375777,4.076819563810949,400.2246263636572
1.0333333333333334,87.090152638708,2.624856385877906,361.2316547969448,74.50493256782524,4.121041357176335,401.096288763738
1.05,86.63440503775827,2.679183263701712,363.8683223197627,74.04707700551737,4.164054491744055,401.9432899367184
1.0666666666666667,86.17702839860222,2.73154835170878,366.31607938051286,73.59381578876544,4.205844998879523,402.766421178388
1.0833333333333333,85.71869884903053,2.781940655816878,368.58856545004915,73.14538355399831,4.246407626187001,403.56642626978595
1.1,85.26006544447922,2.8303686703816684,370.6990792329034,72.70200076742285,4.285745348250304,404.3440145930235
1.1166666666666667,84.80174628302933,2.876858029834564,372.66044449642715,72.26387257962884,4.323868710493722,405.0998708436919
1.1333333333333333,84.34432550570175,2.9214490245373472,374.48490590146423,71.83118794063813,4.360795051002198,405.834661865585
1.15,83.88835114333419,2.9641940916423843,376.1840527817001,71.40411897578514,4.396547644254561,406.54904111996257
1.1666666666666667,83.43433374793584,3.005155373482492,377.7687681466899,70.98282061367048,4.431154807331347,407.24365127123417
1.1833333333333333,82.98274573003754,3.0444024158094347,379.24919977906137,70.56743045012404,4.464649004013934,407.919125327774
1.2,82.53402131371395,3.0820100579858902,380.63475012372754,70.15806882672105,4.497065976037853,408.57608672488396
1.2166666666666666,82.08855701681178,3.1180565484619036,381.93408168237,69.754839098837,4.528443924249637,409.2151486808355
1.2333333333333334,81.64671256444817,3.1526219024828785,383.15513478412475,69.35782806632363,4.558822756060361,409.83691310005685
1.25,81.2088121479588,3.1857865054819454,384.30515485978293,68.96710653939071,4.588243409769114,410.4419692428169
1.2666666666666666,80.77514594813542,3.2176299551355285,385.39072666349233,68.58273001291104,4.61674726127459,411.0308923303306
1.2833333333333334,80.34597184986733,3.2482301274692658,386.41781323117596,68.20473942385195,4.644375614522773,411.60424220945816
1.3,79.92151728440767,3.277662447379417,387.39179771397784,67.833161968617,4.6711692737688075,412.16256216283386
1.3166666666666667,79.50198114480537,3.3059993410770763,388.3175265600763,67.46801195952995,4.6971681933147345,412.706377918481
1.3333333333333333,79.0875357291118,3.333309846833863,389.1993528271971,67.10929170232123,4.722411198730876,413.2361968875554
1.35,78.67832867446467,3.359659360588799,390.04117868405456,66.75699237913564,4.746935772560938,413.7525076392532
1.3666666666666667,78.27448485286762,3.3851094940895297,390.8464963985795,66.41109492415553,4.77077789702967,414.25577960745807
1.3833333333333333,77.87610820631515,3.409718024967048,391.6184273138092,66.07157088135008,4.793971946198201,414.7464630136152
1.4,77.4832835048206,3.433538920223619,392.3597584803604,65.73838323606496,4.816550620239576,415.2249889838169
1.4166666666666667,77.09607801591329,3.456622416849352,393.0729767503546,65.41148721413273,4.838544914944924,415.6917698344631
1.4333333333333333,76.71454307832727,3.47901514552703,393.7603002450797,65.09083104390085,4.859984120140388,416.1471994994205
1.45,76.33871557598906,3.500760285537638,394.423707191377,64.77635667804469,4.88089584133934,416.59165407180063
1.4666666666666666,75.96861931110716,3.5218977409731624,395.06496218352737,64.46800047327037,4.901306039623467,417.0254924348077
1.4833333333333334,75.60426627726568,3.5424643301630865,395.6856399718569,64.16569382703281,4.921239085410663,417.44905695818136
1.5,75.24565783501365,3.562493981810841,396.2871469096357,63.869363771221686,4.940717822399556,417.8626742392752
1.5166666666666666,74.89278579360446,3.5820179327130317,396.87074020895255,63.57893352342177,4.9597636385679476,418.2666558705178
1.5333333333333334,74.54563340335127,3.601064923108764,397.4375451665851,63.29432299686055,4.978396541635363,418.6612992177371
1.55,74.20417626358964,3.619661386691977,397.98857052450825,63.01544927053356,4.996635236874262,419.0468881964607
1.5666666666666667,73.86838315153852,3.6378316331360194,398.52472212831964,62.74222702126864,5.014497205570636,419.42369403575844
1.5833333333333333,73.53821677747086,3.655598021645492,399.0468150418889,62.47456891967351,5.031998782794882,419.79197602141124
1.6,73.21363447159116,3.672981124586707,399.55558426908846,62.21238599201933,5.04915523344997,420.1519822121634
1.6166666666666667,72.89458880789962,3.689999880672827,400.0516942243962,61.9555879501655,5.065980825823306,420.5039501245211
1.6333333333333333,72.58102817013315,3.7066717375104328,400.53574708417506,61.704083491635735,5.082488902083355,420.84810738301456
1.65,72.27289726463196,3.7230127835674276,401.0082901400182,61.45778057192574,5.098691945339671,421.1846723340594
1.6666666666666667,71.97013758470639,3.7390378698105153,401.4698222651107,61.21658665106599,5.114601643028941,421.51385462255075
1.6833333333333333,71.67268783078686,3.7547607213963583,401.9207995943505,60.98040891638631,5.1302289465041335,421.8358557311258
1.7,71.38048429033832,3.7701940398948084,402.3616405091918,60.74915448333958,5.14558412679575,422.15086948266355
1.7166666666666666,71.09346118122241,3.7853495965830786,402.7927300089573,60.522730576142514,5.160676826583953,422.4590825070741
1.7333333333333334,70.81155096189593,3.8002383173832666,403.2144235417633,60.30104468988788,5.175516108473369,422.76067467378425
1.75,70.53468461155255,3.814870360030958,403.6270503602758,60.08400473567688,5.19011049970261,423.05581949158415
1.7666666666666666,70.26279188304635,3.829255184059808,404.0309164602521,59.871519170214434,5.204468033446884,423.3446844776573
1.7833333333333334,69.99580153118278,3.843401614175597,404.42630715323327,59.66349711120712,5.218596286891377,423.6274314977183
1.8,69.73364151872656,3.8573178975711246,404.81348931878506,59.45984843980341,5.232502416263337,423.904217079213
1.8166666666666667,69.47623920225759,3.8710117557079755,405.1927133763362,59.26048389121958,5.24619318901619,424.175192699536
1.8333333333333333,69.22352149980347,3.8844904310603052,405.56421501186003,59.0653151346046,5.259675013359395,424.4405050511759
1.85,68.97541504199263,3.8977607292841876,405.9282166903774,58.874254843110684,5.272953965324482,424.70029628563515
1.8666666666666667,68.73184630830266,3.9108290572424083,406.2849289814556,58.687216755056596,5.286035813552236,424.9547042378886
1.8833333333333333,68.49274174982402,3.9237014572826276,406.6345517215144,58.50411572699572,5.298926041979032,425.20386263304675
1.9,68.25802789981987,3.9363836381337367,406.9772750337723,58.32486777943165,5.311629870590655,425.4479012767914
1.9166666666666667,68.02763147323586,3.9488810027547117,407.3132802240497,58.14939013585941,5.324152274403338,425.6869462310399
1.9333333333333333,67.8014794561992,3.961198673440653,407.64274056832915,57.97760125575223,5.3364980008213845,425.92111997619133
1.95,67.57949918644313,3.9733415144628723,407.96582200595407,57.80942086205802,5.348671585510853,426.1505415611993
1.9666666666666666,67.3616184255003,3.985314152493911,408.282683750563,57.644769963721366,5.360677366918323,426.3753267426145
1.9833333333333334,67.14776542342449,3.9971209950443534,408.5934788293054,57.483570873699875,5.372519499554828,426.59558811364224
2.0,66.9378689767254,4.008766247116096,408.8983545595192,57.3257472229027,5.384201966154775,426.81143522416585
2.0166666666666666,66.73185848013355,4.020253926256288,409.19745297086394,57.171223970440906,5.395728588811205,427.0229746926016
2.033333333333333,66.52966397275257,4.031587876177436,409.4909111798664,57.01992741054439,5.407103039179971,427.23031031036544
2.05,66.33121617910079,4.042771779092645,409.7788617229266,56.8717851764685,5.418328847837652,427.43354313965943
2.066666666666667,66.13644654549681,4.053809166898994,410.0614328530511,56.72672624168498,5.4294094128704895,427.6327716052162
2.0833333333333335,65.94528727219945,4.0647034112716005,410.3387487848293,56.58468091862522,5.440347997205787,427.828091570013
2.1,65.75767134244126,4.075457809363097,410.61093000217414,56.44558085577131,5.451147774872922,428.0195964518954
2.1166666666666667,65.5735325451572,4.0860754853984185,410.8780933812769,56.309359030822534,5.461811785668608,428.2073772584507
2.1333333333333333,65.39280549804863,4.096559461054026,411.14035243108196,56.17594974450603,5.47234296948462,428.39152267976294
2.15,65.21542566585524,4.1069126514376855,411.39781745815213,56.045288611632515,5.482744168155969,428.5721191548954
2.1666666666666665,65.04132937614665,4.117137870353319,411.65059572286424,55.91731255083076,5.493018130113468,428.74925093728086
2.183333333333333,64.87045383267285,4.127237835977344,411.8987915818429,55.79195977303414,5.503167515110905,428.92300015728244
2.2,64.70273712645727,4.137215176177234,412.1425066177916,55.66916976884444,5.513194898682749,429.0934468819607
2.216666666666667,64.53811824481711,4.147072433419008,412.3818397581786,55.548883294897365,5.523102776298143,429.2606691722541
2.2333333333333334,64.37653707848396,4.156812069288127,412.61688738408407,55.43104235934549,5.532893567224166,429.42474313778337
2.25,64.21793442698291,4.166436468657679,412.84774343034957,55.3155902065654,5.542569618120418,429.5857429894675
2.2666666666666666,64.06225200241596,4.175947943536856,413.0744994780282,55.202471301186264,5.552133206386806,429.74374109011967
2.283333333333333,63.90943243178261,4.18534873662985,413.2972448400024,55.09163131152921,5.561586543285404,429.89880800317485
2.3,63.75941925796075,4.194641024632592,413.5160666405314,54.98301709253889,5.570931776855487,430.0510125396818
2.316666666666667,63.61215693945987,4.20382692129161,413.73104988938775,54.87657666828153,5.580170994639013,430.20042180367875
2.3333333333333335,63.46759084905053,4.212908480247,413.94227755116685,54.772259214078005,5.589306226232066,430.3471012360617
2.35,63.32566727136504,4.221887697679354,414.1498306102742,54.67001503833342,5.598339445677137,430.49111465703913
2.3666666666666667,63.18633339955765,4.230766514778139,414.35378813203863,54.5697955641205,5.607272573708685,430.63252430726044
2.3833333333333333,63.04953733110516,4.2395468200472,414.554227320338,54.47155331056844,5.616107479863686,430.7713908876934
2.4,62.915228062822834,4.248230451462181,414.75122357208477,54.37524187410438,5.624845984468579,430.9077735983229
2.4166666666666665,62.78335548516492,4.256819198491785,414.9448505288702,54.280815909590885,5.633489860511177,431.0417301757294
2.433333333333333,62.653870375873765,4.265314803995185,415.13518012603373,54.18823111139873,5.642040835407246,431.1733169296082
2.45,62.52672439303697,4.273718966005283,415.3222826393908,54.0974441944507,5.650500592669347,431.30258877827623
2.466666666666667,62.40187006760742,4.282033339407585,415.5062267298273,54.008412875269286,5.658870773485346,431.42959928321585
2.4833333333333334,62.279260795437054,4.290259537522849,415.6870794859428,53.92109585305775,5.667152978213011,431.55440068269564
2.5,62.15885082887195,4.2983991336012055,415.8649064649029,53.8354527908417,5.675348767797122,431.6770439245078
2.5166666666666666,62.040595267952156,4.306453662234571,416.0397717316471,53.75144429669547,5.683459665114213,431.7975786978572
2.533333333333333,61.92445005125734,4.314424620693725,416.2117378965768,53.66903190507571,5.69148715625041,431.91605346443333
2.55,61.81037194643589,4.322313470195389,416.38086615183926,53.588178058281976,5.6994326917163844,432.0325154886964
2.566666666666667,61.698318540452746,4.330121637104872,416.5472163063072,53.5088460880625,5.707297687604567,432.1470108674031
2.5833333333333335,61.58824822958844,4.337850514078429,416.7108468193447,53.43100019738159,5.71508352669115,432.25958455839947
2.6,61.48012020921994,4.345501461150042,416.8718148334408,53.35460544236294,5.72279155948808,432.3702804087025
2.6166666666666667,61.37389446341143,4.353075806766223,417.03017620578305,53.27962771442233,5.730423105246704,432.4791411818937
2.6333333333333333,61.26953175434115,4.3605748487724725,417.18598553883646,53.20603372260097,5.737979452917375,432.58620858484466
2.65,61.16699361158889,4.367999855354483,417.33929620998543,53.13379097611019,5.745461862066773,432.69152329379426
2.6666666666666665,61.066242321306696,4.375352065937356,417.4901604002936,53.062867767096385,5.752871563756329,432.79512497979607
2.683333333333333,60.96724091529393,4.382632692045098,417.6386291224278,52.99323315363449,5.760209761383327,432.8970523335512
2.7,60.86995315999631,4.389842918123244,417.7847522477906,52.92485694295674,5.767477631487515,432.9973430896465
2.716666666666667,60.774343545446854,4.396983902326748,417.928578532901,52.85770967492298,5.774676324524852,433.09603405020937
2.7333333333333334,60.680377340401044,4.404056777275266,418.0701551284286,52.7917626359959,5.781806965610378,433.19316090559744
2.75,60.58802038161443,4.411062640320178,418.2095292363376,52.72698775190286,5.788870649813202,433.2887589024989
2.7666666666666666,60.49723926322284,4.418002585646455,418.3467464101994,52.66335766380637,5.7958684585129605,433.38286217469323
2.783333333333333,60.40800125824473,4.424877674693124,418.4818511840662,52.60084568173382,5.802801445936459,433.47550401290835
2.8,60.32027430766579,4.43168894498373,418.6148871009681,52.539425769436754,5.809670642921545,433.56671688707047
2.816666666666667,60.23402700938174,4.438437411663335,418.7458967354015,52.47907252942369,5.816477058077221,433.6565324664966
2.8333333333333335,60.149228607149745,4.4451240682508555,418.87492171492016,52.41976118823443,5.823221678506596,433.74498163952836
2.85,60.06584897958018,4.451749887251924,419.0020027412414,52.36146758197111,5.829905470418295,433.83209453276174
2.8666666666666667,59.983858629182635,4.4583158207233,419.12717961090493,52.30416814209057,5.836529379690751,433.91790052987943
2.8833333333333333,59.90322867147653,4.464822800809104,419.250491235487,52.24783988145949,5.843094332408357,434.00242829007897
2.9,59.823930824174205,4.471271740255213,419.3719756613754,52.19246038067247,5.849601235375113,434.0857057660908
2.9166666666666665,59.745937396443956,4.4776635329051775,419.49167008911104,52.138007774632186,5.856050976609531,434.167760221789
2.933333333333333,59.66922127825946,4.483999054178733,419.6096108923023,52.08446073939081,5.862444425822213,434.2486182493935
2.95,59.593755929841564,4.490279161534455,419.7258336361223,52.031798479251215,5.868782434877177,434.3283057862707
2.966666666666667,59.51951537119759,4.496504694917234,419.84037309539525,51.98000071412606,5.875065838238291,434.40684813133754
2.9833333333333334,59.446474171763214,4.502676477191442,419.9532632722839,51.929047667152965,5.881295453401179,434.4842699610753
3.0,59.37460744015124,4.5087953145603095,420.0645374135835,51.87892005256348,5.887472081311431,434.56059534515805
3.0166666666666666,59.30389081401117,4.51486199697227,420.1742280276333,51.82959906380332,5.893596506769889,434.6358477617077
3.033333333333333,59.234300450003275,4.520877298514838,420.2823669008544,51.78106636190149,5.899669498825248,434.7100501121782
3.05,59.165813013890265,4.526841977796288,420.38898511392074,51.733304064085395,5.905691811154824,434.7832247358794
3.066666666666667,59.098405670749294,4.532756778315989,420.49411305757377,51.68629473263909,5.911664182433679,434.85539342414785
3.0833333333333335,59.032056075307196,4.538622428823583,420.59778044808695,51.64002136400161,5.917587336692787,434.92657743417027
3.1,58.96674236240061,4.544439643667658,420.70001634239014,51.59446737810238,5.923461983666698,434.99679750247014
3.1166666666666667,58.90244313756338,4.550209123134107,420.80084915285954,51.549616607930226,5.929288819130837,435.0660738580623
3.1333333333333333,58.83913746774268,4.555931553774791,420.90030666178274,51.50545328933306,5.935068525229238,435.13442623528454
3.15,58.77680487214511,4.561607608726766,420.99841603550425,51.46196205104446,5.940801770792684,435.2018738863121
3.1666666666666665,58.71542531321426,4.567237948022369,421.09520383826015,51.419127904933944,5.946489211647782,435.26843559336385
3.183333333333333,58.65497918774034,4.572823218890754,421.1906960457086,51.376936236477384,5.952131490917613,435.3341296806056
3.2,58.595447318102785,4.578364056050817,421.2849180581618,51.33537279544405,5.957729239313568,435.3989740257579
3.216666666666667,58.536810943646266,4.583861081996184,421.37789471352795,51.294423686796534,5.963283075419385,435.4629860714163
3.2333333333333334,58.47905171219055,4.589314907272326,421.46965029996744,51.254075361800254,5.968793605967208,435.52618283608837
3.25,58.4221516716742,4.594726130746244,421.5602085682712,51.21431460933865,5.974261426106276,435.588580924956
3.2666666666666666,58.36609326193243,4.600095339868727,421.6495927439667,51.175128547430596,5.979687119664208,435.6501965403689
3.283333333333333,58.31085930660856,4.605423110929747,421.7378255391568,51.136504614946254,5.985071259401282,435.7110454920749
3.3,58.256433005199305,4.61071000930708,421.82492916409876,51.09843056351788,5.990414407258047,435.7711432071934
3.316666666666667,58.20279792523296,4.615956589708324,421.91092533852736,51.06089444964185,5.995717114596365,435.8305047399392
3.3333333333333335,58.14993799458049,4.621163396406612,421.99583530272855,51.023884626968254,6.000979922433905,435.88914478110047
3.35,58.09783749389847,4.626330963470307,422.0796798283694,50.98738973877456,6.006203361672867,435.9470776672785
3.3666666666666667,58.04648104920346,4.631459814986694,422.1624792290881,50.95139871061956,6.011387953322555,436.00431738989425
3.3833333333333333,57.99585362457674,4.636550465279936,422.2442533708507,50.915900743174255,6.016534208716194,436.06087760396673
3.4,57.94594051499872,4.641603419123666,422.3250216820784,50.88088530522598,6.021642629722554,436.11677163666934
3.4166666666666665,57.89672733931192,4.646619171948014,422.4048031635507,50.846342126852235,6.026713708951604,436.1720124956696
3.433333333333333,57.84820003331146,4.651598210041593,422.48361639809,50.81226119276076,6.0317479299555705,436.22661287725685
3.45,57.80034484296195,4.656541010748343,422.56147956003053,50.77863273579251,6.036745767424558,436.2805851742628
3.466666666666667,57.75314831773964,4.661448042659684,422.6384104244774,50.74544723058397,6.041707687377542,436.3339414837815
3.4833333333333334,57.706597304098544,4.666319765801666,422.71442637636034,50.71269538738534,6.046634147348357,436.38669361469175
3.5,57.66067893905922,4.67115663181782,422.78954441928556,50.680368146031554,6.051525596567423,436.43885309498813
3.5166666666666666,57.61538064391892,4.675959084147386,422.86378118419117,50.6484566700625,6.05638247613872,436.49043117892404
3.533333333333333,57.5706901180817,4.680727558199296,422.9371529378091,50.61695234098947,6.061205219212654,436.54143885397264
3.55,57.526595333007116,4.6854624815219585,423.00967559093885,50.58584675270432,6.065994251154581,436.5918868476092
3.566666666666667,57.483084526275945,4.6901642739688585,423.0813647065359,50.55513170602844,6.070749989709298,436.64178563392005
3.5833333333333335,57.440146195771604,4.694833347860525,423.1522355076197,50.52479920339827,6.075472845161726,436.6911454400418
3.6,57.397769093975676,4.699470108142231,423.2223028850044,50.494841443684344,6.080163220493469,436.73997625243396
3.6166666666666667,57.35594222237602,4.704074952538347,423.2915814048563,50.46525081714074,6.084821511535972,436.7882878229931
3.6333333333333333,57.31465482598591,4.708648271702836,423.36008531608223,50.43601990048212,6.089448107119719,436.8360896750064
3.65,57.273896387972684,4.71319044936629,423.42782855755155,50.40714145208526,6.094043389220246,436.8833911089553
3.6666666666666665,57.23365662439432,4.71770186247957,423.4948247651558,50.37860840731229,6.098607733100374,436.93020120816584
3.683333333333333,57.19392547904233,4.722182881354018,423.56108727870935,50.3504138739528,6.103141507449349,436.9765288443166
3.7,57.15469311838936,4.726633869798597,423.6266291486952,50.322551127782,6.107645074518756,437.0223826828027
3.716666666666667,57.11594992664002,4.731055185253683,423.6914631428579,50.295013608232225,6.112118790255097,437.0677711879614
3.7333333333333334,57.07768650088308,4.73544717892188,423.7556017526479,50.26779491417509,6.116563004429484,437.11270262816345
3.75,57.03989364634378,4.739810195895922,423.81905719952,50.24088879981172,6.1209780607642434,437.1571850807717
3.7666666666666666,57.00256237173434,4.744144575283457,423.8818414410896,50.21428917066835,6.125364297056611,437.2012264369722
3.783333333333333,56.96568388470126,4.748450650329184,423.943966177149,50.187990079694906,6.129722045299626,437.24483440647975
3.8,56.929249587367636,4.752728748534179,424.0054428555477,50.16198572346401,6.134051631800438,437.2880165221219
3.816666666666667,56.893251071969146,4.75697919177239,424.0662826779391,50.136270438467925,6.138353377295432,437.3307801443037
3.8333333333333335,56.85768011658185,4.761202296404871,424.12649660539665,50.11083869751124,6.142627597063426,437.37313246535706
3.85,56.82252868094042,4.765398373390936,424.18609536390136,50.08568510619673,6.146874601035714,437.4150805137773
3.8666666666666667,56.78778890234508,4.7695677283973295,424.245089449706,50.06080439950224,6.151094693904059,437.4566311583492
3.8833333333333333,56.75345309165582,4.773710661904654,424.3034891345757,50.03619143844631,6.155288175225999,437.4977911121669
3.9,56.71951372937228,4.777827469311594,424.3613044709095,50.01184120684045,6.159455339527904,437.5385669365485
3.9166666666666665,56.68596346179764,4.781918441036668,424.41854529674475,49.98774880812572,6.163596476405784,437.5789650448488
3.933333333333333,56.6527950972853,4.78598386261799,424.4752212406477,49.96390946229166,6.167711870623769,437.61899170617505
3.95,56.620001602566475,4.790024014810486,424.5313417264912,49.940318502875506,6.171801802210379,437.65865304900274
3.966666666666667,56.58757609915744,4.7940391736813694,424.58691597812367,49.916971374039655,6.175866546552872,437.6979550647005
3.9833333333333334,56.555511859844884,4.798029610703225,424.64195302393125,49.893863627725395,6.179906374489304,437.7369036109616
4.0,56.52380230524785,4.801995592845143,424.69646170129494,49.87099092088102,6.18392155239858,437.7755044151465
4.016666666666667,56.492441000454804,4.805937382661936,424.75045066094515,49.848349012762384,6.187912342288678,437.8137630775394
4.033333333333333,56.46142165173457,4.809855238381338,424.80392837121695,49.82593376230422,6.191879001882798,437.85168507451885
4.05,56.430738103319456,4.8137494139893295,424.8569031222069,49.80374112556013,6.195821784703711,437.88927576164645
4.066666666666666,56.40038433425936,4.817620159313737,424.90938302983506,49.7817671532099,6.199740940156353,437.92654037667546
4.083333333333333,56.37035445534525,4.82146772010569,424.9613760398115,49.760007988132,6.203636713608343,437.9634840424807
4.1,56.34064270610109,4.825292338119806,425.01288993151456,49.738459863039914,6.207509346469082,438.000111769913
4.116666666666666,56.31124345184222,4.8290942511922195,425.06393232177635,49.71711909818054,6.211359076267,438.03642846057824
4.133333333333334,56.28215118079945,4.832873693317218,425.11451066858365,49.69598209909303,6.215186136725118,438.0724389095451
4.15,56.25336050130728,4.836630894722041,425.16463227469126,49.675045354426636,6.218990757835013,438.1081478079823
4.166666666666667,56.224866139054825,4.840366081940289,425.2143042911538,49.654305433815836,6.222773165929256,438.1435597457268
4.183333333333334,56.19666293439858,4.844079477883559,425.26353372077386,49.633758985811504,6.226533583752207,438.178679213786
4.2,56.16874583973528,4.847771301911701,425.3123274214722,49.61340273586652,6.230272230529375,438.21351060677387
4.216666666666667,56.141109916934035,4.85144176990153,425.36069210957913,49.59323348437438,6.23398932203523,438.2480582252851
4.233333333333333,56.11375033482626,4.855091094314109,425.40863436304915,49.57324810475953,6.237685070659669,438.28232627820665
4.25,56.08666236675223,4.858719484260499,425.45616062460255,49.55344354161804,6.241359685472949,438.3163188849697
4.266666666666667,56.059841388163306,4.862327145566322,425.50327720479277,49.53381680890725,6.24501337228938,438.3500400777426
4.283333333333333,56.03328287427836,4.865914280834823,425.5499902850035,49.5143649881832,6.248646333729588,438.3834938035683
4.3,56.00698239779344,4.869481089508534,425.596305920376,49.4950852268845,6.252258769281423,438.4166839264444
4.316666666666666,55.98093562664353,4.873027767929908,425.6422300426684,49.475974736661506,6.255850875359791,438.44961422935125
4.333333333333333,55.95513832181526,4.876554509400371,425.68776846304866,49.457030791749546,6.25942284536493,438.48228841622563
4.35,55.929586335209564,4.8800615042384266,425.732926874823,49.43825072738504,6.262974869739769,438.51471011388503
4.366666666666666,55.90427560755308,4.883548939836282,425.7777108561001,49.419631938263464,6.266507136025819,438.5468828739013
4.383333333333334,55.87920216635742,4.887017000715479,425.8221258723945,49.40117187703798,6.270019828918101,438.57881017442537
4.4,55.854362123925135,4.8904658685812805,425.86617727916837,49.38286805285766,6.273513130318811,438.6104954219657
4.416666666666667,55.82975167540144,4.893895722376024,425.90987032431525,49.364718029944264,6.276987219389922,438.64194195312024
4.433333333333334,55.80536709687073,4.89730673833119,425.9532101505848,49.346719426206604,6.280442272604682,438.67315303626384
4.45,55.781204743496836,4.900699090018629,425.9962017979528,49.32886991189144,6.283878463798108,438.70413187319207
4.466666666666667,55.757261047706095,4.9040729484005015,426.0388502059336,49.3111672082699,6.287295964216198,438.73488160072264
4.483333333333333,55.733532517412364,4.907428481878289,426.0811602158413,49.29360908635866,6.290694942564503,438.76540529225537
4.5,55.71001573428298,4.910765856340843,426.12313657299643,49.276193365674715,6.294075565055346,438.7957059592924
4.516666666666667,55.68670735204482,4.914085235211345,426.16478392888223,49.25891791302306,6.297437995454224,438.82578655291877
4.533333333333333,55.663604094829445,4.917386779493503,426.2061068432503,49.241780641316225,6.300782395125509,438.85564996524516
4.55,55.6407027555567,4.920670647816349,426.2471097861775,49.22477950842501,6.304108923076469,438.8852990308138
4.566666666666666,55.61800019435571,4.923936996478725,426.287797140074,49.20791251605937,6.3074177360013435,438.91473652796776
4.583333333333333,55.59549333702247,4.927185979492409,426.3281732016466,49.191177708678914,6.310708988323838,438.9439651801855
4.6,55.57317917351341,4.9304177486245155,426.3682421838136,49.174573172431884,6.313982832238979,438.97298765738105
4.616666666666666,55.55105475647376,4.933632453438994,426.4080082175771,49.158097034122214,6.317239417754032,439.0018065771706
4.633333333333334,55.529117199800325,4.936830241337358,426.4474753538515,49.141747460203646,6.320478892728739,439.0304245061075
4.65,55.507363677237635,4.940011257598601,426.4866475652477,49.12552265580032,6.323701402914762,439.05884396088476
4.666666666666667,55.485791421006816,4.943175645418038,426.5255287478182,49.10942086375307,6.326907091993955,439.0870674095071
4.683333333333334,55.46439772046643,4.94632354594578,426.5641227227593,49.093440363690796,6.330096101616371,439.1150972724337
4.7,55.44317992080459,4.949455098324058,426.6024332380752,49.07757947112613,6.333268571437062,439.14293592369114
4.716666666666667,55.4221354217616,4.952570439724061,426.64046397020275,49.06183653657494,6.336424639152536,439.1705856919576
4.733333333333333,55.401261676382404,4.955669705381781,426.67821852559774,49.046209944698745,6.339564440536078,439.19804886162103
4.75,55.38055618979821,4.958753028633364,426.71570044228565,49.03069811346979,6.342688109472632,439.22532767380835
4.766666666666667,55.36001651803673,4.961820540949671,426.752913191375,49.0152994933578,6.345795777993025,439.25242432739054
4.783333333333333,55.33964026686002,4.964872371970003,426.78986017853623,49.000012566538096,6.348887576307136,439.2793409799605
4.8,55.3194250906298,4.967908649535465,426.82654474544563,48.98483584612038,6.35196363283689,439.3060797487877
4.816666666666666,55.29936869119918,4.97092949972123,426.862970171196,48.96976787539774,6.355024074248206,439.3326427117468
4.833333333333333,55.2794688168304,4.973935046868624,426.89913967367454,48.95480722711513,6.358069025482541,439.3590319082253
4.85,55.259723261138056,4.976925413616194,426.93505641090826,48.93995250275705,6.361098609787622,439.3852493400055
4.866666666666666,55.24012986205696,4.979900720930323,426.9707234823784,48.9252023318537,6.364112948747769,439.41129697212637
4.883333333333334,55.22068650083427,4.982861088135287,427.00614393030475,48.910555371305264,6.367112162313467,439.43717673372254
4.9,55.20139110104537,4.985806632942612,427.04132074089875,48.89601030472377,6.370096368830367,439.46289051884264
4.916666666666667,55.182241627632735,4.988737471479789,427.0762568455891,48.88156584179197,6.3730656850677985,439.488440187247
4.933333333333334,55.16323608596746,4.991653718318612,427.11095512221766,48.867220717639015,6.37602022624653,439.5138275651855
4.95,55.144372520932755,4.994555486502805,427.14541839620813,48.852973692232254,6.378960106066297,439.5390544461551
4.966666666666667,55.125649016029115,4.997442887575135,427.1796494417076,48.83882354978476,6.381885436732402,439.56412259163966
4.983333333333333,55.10706369250038,5.000316031604049,427.2136509827019,48.82476909817828,6.384796328982189,439.5890337318304
5.0,55.08861470848043,5.00317502720968,427.24742569410347,48.810809168401065,6.38769289211064,439.6137895663289
5.016666666666667,55.07030025815988,5.006019981589378,427.28097620281653,48.796942614000265,6.3905752339956265,439.6383917648315
5.033333333333333,55.05211857097251,5.008851000542815,427.31430508877565,48.78316831054842,6.3934434611227635,439.6628419677984
5.05,55.03406791080062,5.011668188496523,427.347414885961,48.769485155123775,6.3962976786095975,439.6871417871047
5.066666666666666,55.01614657519925,5.01447164852792,427.3803080833895,48.755892065803934,6.399137990229446,439.7112928066754
5.083333333333333,54.998352894638614,5.017261482388908,427.4129871260845,48.74238798117254,6.401964498434649,439.7352965831058
5.1,54.98068523176428,5.020037790529042,427.4454544160209,48.72897185983872,6.404777304379469,439.7591546462655
5.116666666666666,54.96314198067487,5.022800672118254,427.4777123130503,48.71564267996878,6.407576507942647,439.78286849988706
5.133333333333334,54.945721566216655,5.025550225068948,427.5097631358033,48.7023994388299,6.410362207749168,439.80643962214185
5.15,54.92842244329481,5.028286546057897,427.5416091625724,48.68924115234566,6.413134501191964,439.82986946619974
5.166666666666667,54.91124309620082,5.031009730547696,427.57325263217314,48.676166854662775,6.415893484453119,439.8531594607766
5.183333333333334,54.8941820379558,5.033719872807503,427.6046957447867,48.66317559772901,6.418639252524341,439.8763110106672
5.2,54.8772378096691,5.036417065933786,427.6359406627814,48.65026645088179,6.421371899227565,439.89932549726586
5.216666666666667,54.860408979912165,5.039101401870455,427.66698951151733,48.6374385004474,6.424091517234832,439.9222042790741
5.233333333333333,54.84369414410705,5.041772971428497,427.69784438013033,48.62469084935034,6.426798198087707,439.94494869219506
5.25,54.82709192392922,5.044431864305536,427.7285073222999,48.612022616732524,6.429492032216651,439.96756005081755
5.266666666666667,54.8106009667246,5.0470781691046716,427.7589803569979,48.59943293758231,6.432173108959639,439.9900396476867
5.283333333333333,54.79421994494012,5.049711973353175,427.7892654692208,48.58692096237283,6.434841516580734,440.0123887545641
5.3,54.77794755556774,5.052333363520861,427.81936461070524,48.57448585670951,6.437497342288134,440.0346086226764
5.316666666666666,54.76178251960152,5.054942425037885,427.84927970062694,48.56212680098654,6.440140672252017,440.0567004831532
5.333333333333333,54.74572358150744,5.057539242312399,427.8790126262828,48.54984299005189,6.442771591621737,440.07866554745397
5.35,54.729769508705715,5.060123898747694,427.9085652437593,48.53763363288102,6.445390184543049,440.10050500778493
5.366666666666666,54.71391909106513,5.062696476759278,427.9379393785834,48.5254979522585,6.447996534174893,440.1222200375064
5.383333333333334,54.69817114040936,5.065257057791267,427.96713682636,48.51343518446787,6.450590722705614,440.1438117915291
5.4,54.68252449003486,5.067805722332844,427.99615935339494,48.501444578989265,6.453172831369375,440.1652814067023
5.416666666666667,54.66697799424,5.070342549934082,428.02500869730227,48.489525398204414,6.45574294046173,440.18663000219163
5.433333333333334,54.65153052786532,5.072867619221644,428.0536865675991,48.477676917109314,6.458301129355143,440.2078586798479
5.45,54.63618098584442,5.075381007914106,428.0821946462866,48.465898423033885,6.460847476514404,440.22896852456836
5.466666666666667,54.62092828276552,5.077882792837151,428.1105345884176,48.45418921536867,6.4633820595113285,440.24996060464736
5.483333333333333,54.60577135244321,5.08037304993814,428.13870802265086,48.442548605298384,6.465904955039531,440.27083597212044
5.5,54.590709147500206,5.08285185430073,428.1667165517936,48.43097591554207,6.468416238928734,440.2915956630991
5.516666666666667,54.57574063895889,5.085319280159041,428.1945617533309,48.41947048009968,6.470915986158795,440.3122406980983
5.533333333333333,54.56086481584251,5.0877754009117,428.2222451799437,48.40803164400494,6.473404270873801,440.3327720823557
5.55,54.546080684785444,5.090220289135423,428.24976836001474,48.396658763084424,6.475881166395304,440.35319080614363
5.566666666666666,54.53138726965288,5.092654016598407,428.27713279812286,48.38535120372242,6.478346745235844,440.3734978450737
5.583333333333333,54.516783611169146,5.095076654273724,428.30433997552694,48.374108342631786,6.480801079111996,440.39369416039426
5.6,54.50226876655472,5.097488272351991,428.3313913506379,48.362929566630264,6.483244238957119,440.41378069928095
5.616666666666666,54.48784180917184,5.099888940254128,428.3582883594803,48.351814272422416,6.48567629493397,440.43375839511987
5.633333333333334,54.47350182817828,5.102278726643885,428.38503241614416,48.34076186638691,6.488097316447068,440.4536281677851
5.65,54.45924792818913,5.104657699439963,428.41162491322586,48.329771764368914,6.490507372154726,440.4733909239084
5.666666666666667,54.445079228946554,5.1070259258280455,428.43806722225924,48.318843391477714,6.492906529981117,440.49304755714445
5.683333333333334,54.43099486499718,5.109383472272519,428.46436069413784,48.3079761818891,6.495294857127789,440.5125989484281
5.7,54.41699398537695,5.111730404527989,428.4905066595261,48.29716957865277,6.497672420085114,440.5320459662269
5.716666666666667,54.403075753303355,5.114066787650656,428.51650642926285,48.286423033504235,6.500039284643559,440.5513894667869
5.733333333333333,54.389239345874735,5.116392686009391,428.5423612947548,48.2757360066814,6.502395515904812,440.5706302943733
5.75,54.37548395377665,5.118708163296607,428.56807252836194,48.265107966745525,6.504741178292434,440.58976928150605
5.766666666666667,54.3618087809949,5.121013282539031,428.5936413837733,48.2545383904066,6.507076335562643,440.6088072491887
5.783333333333333,54.34821304453536,5.123308106108141,428.6190690963755,48.244026762352846,6.509401050814566,440.6277450071327
5.8,54.334695974150186,5.125592695730509,428.6443568836126,48.233572575084345,6.5117153865007005,440.64658335397723
5.816666666666666,54.32125681207037,5.127867112497877,428.6695059453375,48.223175328750735,6.5140194044367785,440.6653230775025
5.833333333333333,54.30789481274445,5.1301314168770435,428.69451746415587,48.21283453099271,6.516313165811699,440.6839649548399
5.85,54.29460924258331,5.132385668719782,428.7193926057633,48.20254969678738,6.518596731197175,440.702509752676
5.866666666666666,54.28139937971085,5.1346299272721945,428.744132519273,48.192320348297315,6.520870160557321,440.72095822745234
5.883333333333334,54.26826451372026,5.136864251184231,428.7687383375382,48.18214601472317,6.523133513257937,440.739311125561
5.9,54.255203945436165,5.1390886985188065,428.79321117746633,48.1720262321598,6.525386848075582,440.7575691835355
5.916666666666667,54.24221698668196,5.141303326760929,428.8175521403264,48.161960543455905,6.527630223206717,440.77573312823716
5.933333333333334,54.22930296005268,5.143508192826559,428.84176231205015,48.15194849807684,6.529863696276464,440.7938036770379
5.95,54.216461198692976,5.145703353071261,428.86584276352573,48.14198965197082,6.5320873243471915,440.8117815379982
5.966666666666667,54.203691046080266,5.1478888632988165,428.8897945508855,48.13208356743816,6.534301163927214,440.8296674100416
5.983333333333333,54.190991855812754,5.150064778769634,428.9136187157874,48.122229813003706,6.5365052709789975,440.8474619831254
6.0,54.178362991402395,5.152231154208964,428.9373162856899,48.11242796329222,6.538699700927357,440.86516593840634
6.016666666666667,54.16580382607249,5.154388043814929,428.96088827412143,48.10267759890662,6.5408845086675775,440.8827799484044
6.033333333333333,54.15331374256002,5.156535501266675,428.9843356809434,48.09297830630919,6.5430597485734046,440.900304677162
6.05,54.14089213292233,5.158673579731891,429.00765949260744,48.08332967770556,6.545225474504569,440.9177407803995
6.066666666666666,54.128538398348404,5.1608023318747165,429.03086068240765,48.07373131093122,6.54738173981469,440.93508890566744
6.083333333333333,54.11625194897427,5.162921809863108,429.0539402107269,48.06418280934089,6.549528597358488,440.9523496924958
6.1,54.10403220370271,5.165032065376309,429.07689902527784,48.05468378170034,6.551666099499439,440.96952377253956
6.116666666666666,54.09187859002698,5.167133149612039,429.09973806133826,48.045233842080755,6.553794298116668,440.98661176972104
6.133333333333334,54.07979054385861,5.169225113293677,429.1224582419825,48.03583260975548,6.555913244612374,441.00361430036963
6.15,54.06776750935901,5.171308006677182,429.14506047830633,48.02647970909927,6.558022989918541,441.020531973358
6.166666666666667,54.055808938774994,5.173381879558056,429.1675456696484,48.01717476948971,6.560123584503941,441.037365390235
6.183333333333334,54.04391429227794,5.175446781278,429.1899147038059,48.007917425211026,6.562215078380751,441.05411514535666
6.2,54.03208303780655,5.177502760731533,429.2121684572461,47.99870731535998,6.5642975211111825,441.0707818260138
6.216666666666667,54.0203146509133,5.179549866372557,429.2343077953132,47.98954408375406,6.566370961813974,441.0873660125565
6.233333333333333,54.00860861461418,5.1815881462206965,429.2563335724306,47.98042737884159,6.568435449170748,441.1038682785168
6.25,53.99696441924193,5.183617647867601,429.27824663229876,47.97135685361405,6.5704910314323355,441.12028919072793
6.266666666666667,53.98538156230244,5.1856384184830855,429.3000478080896,47.96233216552027,6.572537756424725,441.1366293094414
6.283333333333333,53.973859548334616,5.187650504821172,429.3217379226355,47.953352976382625,6.5745756715553805,441.1528891884412
6.3,53.96239788877304,5.1896539532260535,429.3433177886156,47.94441895231508,6.576604823818915,441.1690693751565
6.316666666666666,53.95099610181401,5.191648809637918,429.36478820873674,47.93552976364314,6.578625259803039,441.1851704107705
6.333333333333333,53.939653712284425,5.193635119598688,429.38614997591196,47.92668508482555,6.580637025694249,441.2011928303284
6.35,53.92837025151353,5.195612928257605,429.40740387343413,47.91788459437776,6.582640167283439,441.21713716284216
6.366666666666666,53.91714525720773,5.197582280376877,429.42855067514637,47.90912797479713,6.584634729971503,441.2330039313933
6.383333333333334,53.90597827332798,5.19954322033698,429.4495911456089,47.90041491248974,6.586620758774608,441.24879365323375
6.4,53.894868849969995,5.201495792142074,429.47052604026214,47.891745097698916,6.588598298329642,441.2645068398841
6.416666666666667,53.88381654324711,5.20344003942523,429.49135610558653,47.8831182244353,6.59056739289945,441.28014399723037
6.433333333333334,53.8728209151757,5.205376005453589,429.5120820792592,47.8745339904084,6.59252808637791,441.2957056256184
6.45,53.8618815335632,5.2073037331334024,429.5327046903068,47.86599209695983,6.594480422295039,441.3111922199462
6.466666666666667,53.85099797189851,5.209223265014954,429.55322465925576,47.857492248997794,6.5964244438218556,441.3266042697545
6.483333333333333,53.84016980924487,5.211134643297634,429.57364269827855,47.84903415493325,6.598360193775537,441.34194225931583
6.5,53.82939663013511,5.213037909834493,429.5939595113382,47.840617526617244,6.60028771462381,441.35720666772096
6.516666666666667,53.81867802446914,5.214933106137158,429.6141757943285,47.83224207927976,6.6022070484900635,441.372397968964
6.533333333333333,53.80801358741376,5.216820273380324,429.6342922352118,47.823907531469914,6.604118237157675,441.38751663202595
6.55,53.797402919304595,5.218699452406384,429.65430951415436,47.81561360499734,6.606021322074762,441.4025631209559
6.566666666666666,53.7868456255502,5.220570683729895,429.6742283036582,47.80736002487493,6.607916344358483,441.4175378949512
6.583333333333333,53.77634131653834,5.222434007541983,429.69404926869095,47.79914651926284,6.609803344799654,441.432441408436
6.6,53.76588960754417,5.2242894637146104,429.713773066812,47.790972819413575,6.611682363866842,441.4472741111375
6.616666666666666,53.75549011864047,5.226137091804873,429.73340034829715,47.782838659618406,6.613553441710764,441.46203644816137
6.633333333333334,53.74514247460995,5.227976931059183,429.75293175625995,47.77474377715488,6.615416618168412,441.4767288600651
6.65,53.734846304859225,5.229809020417294,429.772367926771,47.76668791223542,6.6172719327671246,441.4913517829305
6.666666666666667,53.72460124333487,5.2316333985164,429.7917094889746,47.758670807957046,6.619119424728671,441.5059056484341
6.683333333333334,53.71440692844116,5.233450103695125,429.81095706520307,47.750692210252204,6.620959132973175,441.52039088391655
6.7,53.70426300295965,5.235259173997279,429.8301112710886,47.74275186784058,6.622791096123067,441.5348079124502
6.716666666666667,53.69416911397042,5.237060647175856,429.84917271567303,47.73484953218203,6.624615352506833,441.549157152906
6.733333333333333,53.68412491277509,5.238854560696687,429.86814200151537,47.72698495743035,6.626431940162837,441.56343902001856
6.75,53.67413005482146,5.24064095174211,429.88701972479697,47.71915790038819,6.628240896843018,441.5776539244499
6.766666666666667,53.66418419962974,5.242419857214752,429.9058064754251,47.7113681204628,6.630042260016556,441.5918022728525
6.783333333333333,53.654287010720374,5.244191313740924,429.9245028371332,47.70361537962277,6.63183606687333,441.60588446792997
6.8,53.64443815554343,5.24595535767426,429.9431093875809,47.69589944235562,6.6336223543275725,441.6199009084978
6.816666666666666,53.63463730540945,5.247712025099094,429.9616266984504,47.688220075626326,6.6354011590212885,441.6338519895422
6.833333333333333,53.62488413542177,5.249461351833923,429.98005533554203,47.680577048836696,6.637172517327596,441.647738102278
6.85,53.6151783244104,5.251203373434669,429.9983958588671,47.67297013378552,6.638936465354191,441.6615596342053
6.866666666666666,53.60551955486707,5.252938125197974,430.0166488227396,47.6653991046297,6.64069303894648,441.6753169691648
6.883333333333334,53.595907512881894,5.254665642164579,430.03481477586575,47.65786373784601,6.642442273690998,441.68901048739286
6.9,53.58634188808118,5.256385959122191,430.0528942614315,47.65036381219374,6.644184204918367,441.7026405655746
6.916666666666667,53.576822373566685,5.258099110608825,430.07088781718875,47.64289910867808,6.645918867706587,441.71620757689664
6.933333333333334,53.56734866585609,5.259805130915887,430.0887959755398,47.635469410514304,6.6476462968841235,441.7297118910981
6.95,53.55792046482469,5.261504054091043,430.10661926361985,47.62807450309256,6.649366527032784,441.7431538745213
6.966666666666667,53.54853747364837,5.2631959139413285,430.12435820337816,47.62071417394353,6.651079592490873,441.75653389016156
6.983333333333333,53.53919939874776,5.264880744035912,430.1420133116574,47.613388212704685,6.6527855273559116,441.76985229771486
7.0,53.52990594973351,5.2665585777091355,430.15958510027195,47.606096411087215,6.654484365487753,441.78310945362637
7.016666666666667,53.52065683935274,5.268229448063176,430.1770740760837,47.598838562843724,6.6561761405111595,441.79630571113665
7.033333333333333,53.51145178343659,5.269893387970912,430.1944807410775,47.59161446373649,6.65786088581882,441.80944142032746
7.05,53.502290500848915,5.271550430078632,430.21180559243396,47.584423911506356,6.659538634573922,441.8225169281668
7.066666666666666,53.49317271343592,5.273200606808687,430.2290491226024,47.57726670584229,6.661209419712885,441.83553257855334
7.083333333333333,53.48409814597692,5.274843950362206,430.2462118193709,47.57014264835158,6.662873273948125,441.84848871235926
7.1,53.475066526136146,5.2764804927216,430.2632941659354,47.563051542530474,6.66453022977045,441.86138566747275
7.116666666666666,53.46607758441542,5.278110265653114,430.2802966409682,47.5559931937356,6.666180319451798,441.8742237788399
7.133333333333334,53.45713105410794,5.2797333007094975,430.2972197186843,47.54896740915582,6.667823575047674,441.88700337850554
7.15,53.448226671252904,5.281349629232222,430.3140638689066,47.54197399778464,6.669460028399692,441.8997247956534
7.166666666666667,53.439364174591105,5.2829592823541365,430.33082955713047,47.53501277039325,6.671089711137977,441.9123883566454
7.183333333333334,53.430543305521425,5.284562291001701,430.34751724458636,47.52808353950401,6.672712654683479,441.92499438506053
7.2,53.42176380805824,5.286158685897437,430.36412738830165,47.52118611936448,6.67432889025052,441.9375432017327
7.216666666666667,53.41302542878962,5.287748497562239,430.3806604411608,47.514320325921965,6.675938448849088,441.9500351247879
7.233333333333333,53.40432791683645,5.289331756317574,430.39711685196545,47.50748597679854,6.677541361286935,441.9624704696811
7.25,53.39567102381233,5.290908492287735,430.4134970654921,47.500682891266585,6.679137658171991,441.97484954923164
7.266666666666667,53.3870545037843,5.292478735402188,430.4298015225496,47.49391089022475,6.680727369914633,441.9871726736595
7.283333333333333,53.378478113234344,5.294042515397538,430.4460306600352,47.48716979617443,6.682310526729701,441.9994401506187
7.3,53.36994161102167,5.295599861819794,430.4621849109894,47.48045943319664,6.683887158638766,442.0116522852321
7.316666666666666,53.361444758345755,5.297150804026405,430.4782647046504,47.47377962692938,6.685457295472177,442.0238093801248
7.333333333333333,53.3529873187101,5.298695371188382,430.4942704665072,47.46713020454539,6.687020966871199,442.03591173545675
7.35,53.34456905788674,5.3002335922923205,430.5102026183508,47.4605109947304,6.688578202290048,442.0479596489546
7.366666666666666,53.336189743881434,5.3017654961423215,430.52606157832616,47.45392182766167,6.690129030997792,442.0599534159442
7.383333333333334,53.327849146899574,5.303291111362103,430.54184776098236,47.44736253498706,6.691673482080553,442.071893329381
7.4,53.3195470393127,5.304810466396788,430.5575615773213,47.440832949804424,6.693211584443241,442.0837796798807
7.416666666666667,53.31128319562575,5.306323589515004,430.5732034348462,47.43433290664144,6.694743366811683,442.09561275574964
7.433333333333334,53.30305739244492,5.307830508810535,430.5887737376096,47.427862241435705,6.696268857734272,442.10739284301394
7.45,53.29486940844616,5.309331252204288,430.60427288625885,47.42142079151539,6.697788085584022,442.119120225448
7.466666666666667,53.286719024344286,5.31082584744618,430.61970127808297,47.41500839558006,6.69930107856033,442.13079518460415
7.483333333333333,53.2786060228627,5.312314322116815,430.63505930705685,47.40862489368199,6.70080786469082,442.14241799983927
7.5,53.27053018870366,5.3137967036292935,430.6503473638858,47.402270127207764,6.702308471833039,442.15398894834317
7.516666666666667,53.26249130851919,5.315273019230926,430.6655658360485,47.3959439388602,6.703802927676312,442.16550830516513
7.533333333333333,53.25448917088249,5.316743296005065,430.6807151078397,47.38964617264068,6.705291259743426,442.17697634324077
7.55,53.24652356626001,5.318207560872606,430.69579556041174,47.38337667383172,6.706773495392276,442.1883933334178
7.566666666666666,53.23859428698383,5.31966584059371,430.71080757181636,47.377135288979865,6.7082496618175504,442.19975954448176
7.583333333333333,53.2307011272249,5.321118161769533,430.72575151704376,47.37092186587899,6.709719786052485,442.211075243181
7.6,53.222843882966465,5.322564550843708,430.7406277680633,47.36473625355381,6.71118389497035,442.2223406942522
7.616666666666666,53.21502235197824,5.324005034104022,430.7554366938616,47.358578302243686,6.712642015286109,442.23355616044347
7.633333333333334,53.20723633379094,5.325439637683876,430.77017866048135,47.35244786338682,6.714094173557968,442.24472190253937
7.65,53.19948562967135,5.326868387563931,430.7848540310584,47.34634478960458,6.7155403961889935,442.2558381793839
7.666666666666667,53.191770042597845,5.328291309573548,430.7994631658587,47.34026893468627,6.7169807094285465,442.26690524790365
7.683333333333334,53.184089377236425,5.3297084293922845,430.8140064223147,47.33422015357406,6.718415139373791,442.2779233631306
7.7,53.17644343991709,5.331119772551389,430.8284841550607,47.32819830234822,6.719843711971253,442.2888927782247
7.716666666666667,53.16883203861075,5.3325253644352175,430.842896715968,47.3222032382126,6.7212664530181625,442.2998137444954
7.733333333333333,53.1612549829066,5.333925230282706,430.8572444541791,47.31623481948045,6.7226833881641195,442.31068651142374
7.75,53.15371208398976,5.335319395188669,430.87152771614166,47.310292905560324,6.724094542912145,442.3215113266832
7.766666666666667,53.146203154619535,5.33670788410534,430.88574684564156,47.3043773569424,6.72549994262044,442.332288436161
7.783333333333333,53.13872800910791,5.338090721843588,430.8999021838357,47.29848803518495,6.7268996125034946,442.3430180839782
7.8,53.131286463298515,5.339467933074331,430.9139940692838,47.29262480290105,6.728293577633659,442.35370051251056
7.816666666666666,53.12387833454604,5.340839542329813,430.9280228379799,47.286787523745566,6.729681862942244,442.3643359624078
7.833333333333333,53.11650344169589,5.3422055740049945,430.9419888233837,47.28097606240229,6.731064493221028,442.3749246726135
7.85,53.10916160506431,5.343566052358727,430.955892356451,47.275190284571394,6.732441493123513,442.38546688038457
7.866666666666666,53.10185264641884,5.344921001515064,430.969733765663,47.26943005695703,6.733812887166096,442.39596282130975
7.883333333333334,53.09457638895916,5.346270445464522,430.98351337705645,47.26369524725515,6.735178699729446,442.4064127293287
7.9,53.08733265729824,5.3476144080652785,430.9972315142525,47.25798572414156,6.73653895505971,442.4168168367498
7.916666666666667,53.08012127744386,5.348952913044415,431.0108884984846,47.25230135726018,6.7378936772696765,442.42717537426864
7.933333333333334,53.07294207678048,5.350285983999098,431.0244846486272,47.24664201721144,6.739242890340111,442.437488570986
7.95,53.065794884051336,5.351613644397689,431.03802028122294,47.24100757554098,6.740586618120801,442.4477566544245
7.966666666666667,53.05867952934105,5.352935917581071,431.0514957105095,47.23539790472846,6.741924884331859,442.4579798505469
7.983333333333333,53.05159584405832,5.35425282676354,431.06491124844683,47.22981287817653,6.743257712564725,442.468158383772
8.0,53.04454366091913,5.355564395034184,431.07826720474276,47.224252370200134,6.744585126283403,442.4782924769918
