time_hours,I2_center_nM,S2_free_center_nM,S2_total_center_nM,I2_edge_nM,S2_free_edge_nM,S2_total_edge_nM
0.0,100.0,0.0,0.0,0.0,0.0,0.0
0.016666666666666666,99.99999862680728,4.659700695386797e-06,0.00011588828238999312,0.0,4.7913292458844794e-05,4.7913292458844794e-05
0.03333333333333333,99.99999006702039,2.9128773718190973e-05,0.0008336987987862856,0.0,0.00029070545541209534,0.00029070545541209534
0.05,99.9999608922396,9.959740257445756e-05,0.0032673072468955146,0.0,0.0009671531296404153,0.0009671531296404153
0.06666666666666667,99.99988854554934,0.00024785154273701375,0.009275519896160345,0.0,0.002347278178979636,0.002347278178979636
0.08333333333333333,99.99974205990281,0.0005037920564903679,0.021396218259834805,0.0,0.004663151833849203,0.004663151833849203
0.1,99.99948441466363,0.000889757171617717,0.04264940576233843,0.0,0.008064943062736333,0.008064943062736333
0.11666666666666667,99.99907562660997,0.001418102357456774,0.07628376106638667,0.0,0.012609601415058787,0.012609601415058787
0.13333333333333333,99.99847560867178,0.002091555157116456,0.12554453967493667,0.0,0.018272910692144286,0.018272910692144286
0.15,99.99764644914917,0.0029051465005253915,0.19348983572093972,0.0,0.024972046273486592,0.024972046273486592
0.16666666666666666,99.99655392663952,0.003848639174479395,0.28286920431074397,0.0,0.0325890652305035,0.0325890652305035
0.18333333333333332,99.99516833436824,0.004908778820328166,0.39605810982007106,0.0,0.040990382381679964,0.040990382381679964
0.2,99.99346476526327,0.006071075849518299,0.5350357325176995,0.0,0.05004075877611585,0.05004075877611585
0.21666666666666667,99.9914230221711,0.00732105893848492,0.7013928057433838,0.0,0.059612181557925185,0.059612181557925185
0.23333333333333334,99.98902729523263,0.008645070306620923,0.8963580663622573,0.0,0.06958875783099433,0.06958875783099433
0.25,99.9862657144529,0.010030708154910105,1.1208346650926506,0.0,0.07986881387024022,0.07986881387024022
0.26666666666666666,99.98312985273708,0.011467021213225403,1.3754405215743823,0.0,0.09036520257464666,0.09036520257464666
0.2833333333333333,99.97961422793631,0.012944541596813632,1.660548747904452,0.0,0.10100456250160282,0.10100456250160282
0.3,99.97571583267712,0.014455220149562702,1.9763258417933058,0.0,0.11172603622404087,0.11172603622404087
0.31666666666666665,99.97143370708552,0.015992308906359644,2.3227664392406884,0.0,0.12247977276439963,0.12247977276439963
0.3333333333333333,99.96676856059426,0.017550220038660375,2.69972412765788,0.0,0.13322540881794112,0.13322540881794112
0.35,99.96172244351581,0.019124379587205642,3.1069382596553936,0.0,0.1439306365386187,0.1439306365386187
0.36666666666666664,99.95629846589486,0.020711086683664594,3.544056961206949,0.0,0.15456991033979015,0.15456991033979015
0.38333333333333336,99.9505005595183,0.02230738395321402,4.010656659525689,0.0,0.16512331159753874,0.16512331159753874
0.4,99.94433327828942,0.023910941615976334,4.506258510796455,0.0,0.17557557088201425,0.17557557088201425
0.4166666666666667,99.93780163208146,0.02551995587955709,5.030342116425369,0.0,0.18591523713575372,0.18591523713575372
0.43333333333333335,99.93091094942096,0.027133061111237734,5.582356898734321,0.0,0.1961339785432441,0.1961339785432441
0.45,99.92366676475388,0.028749254700192014,6.161731475816184,0.0,0.20622599840552658,0.20622599840552658
0.4666666666666667,99.91607472651687,0.03036783326754293,6.767881338462796,0.0,0.21618754970469883,0.21618754970469883
0.48333333333333334,99.90814052271519,0.03198833882379003,7.40021509436197,0.0,0.22601653333039073,0.22601653333039073
0.5,99.89986982116366,0.03361051352467127,8.058139508755339,0.0,0.23571216661703373,0.23571216661703373
0.5166666666666667,99.89126822196314,0.035234261784838926,8.741063537788445,0.0,0.2452747106055704,0.2452747106055704
0.5333333333333333,99.88234120525112,0.036859618641410914,9.448402699766545,0.0,0.2547052461337481,0.2547052461337481
0.55,99.87309414610638,0.03848672362128622,10.179578099968163,0.0,0.264005490800532,0.264005490800532
0.5666666666666667,99.86353224968947,0.04011579820236522,10.934021747052398,0.0,0.2731776478813152,0.2731776478813152
0.5833333333333334,99.85366054910305,0.04174712819339006,11.711176873313377,0.0,0.28222428495837815,0.28222428495837815
0.6,99.84348389395815,0.043381048506722475,12.510498971356688,0.0,0.29114823410418406,0.29114823410418406
0.6166666666666667,99.83300694282714,0.045017930685859284,13.33145650449376,0.0,0.29995251106342485,0.29995251106342485
0.6333333333333333,99.82223415887088,0.04665817261489204,14.173531349616686,0.0,0.30864024990522976,0.30864024990522976
0.65,99.81116980804917,0.04830219004088737,15.036219021614551,0.0,0.3172146503955077,0.3172146503955077
0.6666666666666666,99.79981795942255,0.0499504096059821,15.919028720282169,0.0,0.3256789358314916,0.3256789358314916
0.6833333333333333,99.78818248713776,0.05160326313620433,16.821483233881786,0.0,0.3340363194781707,0.3340363194781707
0.7,99.77626707375829,0.05326118297589143,17.74311872783568,0.0,0.3422899780732195,0.3422899780732195
0.7166666666666667,99.76407521465906,0.05492459819161923,18.683484442274946,0.0,0.35044303113633124,0.35044303113633124
0.7333333333333333,99.75161022325288,0.05659393149884686,19.642142318196335,0.0,0.3584985250406208,0.3584985250406208
0.75,99.73887523685674,0.0582695967889208,20.618666568656927,0.0,0.36645942098621814,0.36645942098621814
0.7666666666666667,99.72587322303897,0.059951997154479304,21.612643208660096,0.0,0.3743285861665914,0.3743285861665914
0.7833333333333333,99.71260698631626,0.06164152332828983,22.623669555064954,0.0,0.3821087875418828,0.3821087875418828
0.8,99.69907917509352,0.0633385524647204,23.651353705910946,0.0,0.38980268773565196,0.38980268773565196
0.8166666666666667,99.68529228875762,0.06504344720484731,24.695314006927187,0.0,0.39741284265553645,0.39741284265553645
0.8333333333333334,99.6712486848532,0.0667565549760386,25.75517851163918,0.0,0.40494170050779293,0.40494170050779293
0.85,99.6569505862814,0.06847820748505344,26.83058444035135,0.0,0.4123916019330479,0.4123916019330479
0.8666666666666667,99.64240008847426,0.07020872037053218,27.921177642334957,0.0,0.41976478103793063,0.41976478103793063
0.8833333333333333,99.62759916650576,0.07194839298645565,29.026612064757497,0.0,0.4270633671365102,0.4270633671365102
0.9,99.61254968210899,0.07369750829290912,30.146549231226214,0.0,0.43428938704784426,0.43428938704784426
0.9166666666666666,99.59725339057493,0.07545633283445455,31.28065773226349,0.0,0.4414447678228188,0.4414447678228188
0.9333333333333333,99.58171194751388,0.07722511678973608,32.42861272956812,0.0,0.44853133979575754,0.44853133979575754
0.95,99.56592691546432,0.07900409407870329,33.59009547552873,0.0,0.45555083987467515,0.45555083987467515
0.9666666666666667,99.5498997703385,0.08079348251615466,34.76479284913168,0.0,0.4625049149993883,0.4625049149993883
0.9833333333333333,99.53363190769603,0.08259348400223658,35.952396909135814,0.0,0.46939512570944647,0.46939512570944647
1.0,99.5171246488402,0.08440428474214273,37.15260446516001,0.0,0.47622294977433066,0.47622294977433066
1.0166666666666666,99.5003792467328,0.08622605548860982,38.36511666714187,0.0,0.48298978584718893,0.48298978584718893
1.0333333333333334,99.48339689172579,0.0880589518019287,39.58963861346855,0.0,0.48969695711063194,0.48969695711063194
1.05,99.46617871710839,0.0899031143231377,40.825878977950744,0.0,0.4963457148891658,0.4963457148891658
1.0666666666666667,99.44872580447027,0.09175866905684095,42.073549655701285,0.0,0.5029372422079005,0.5029372422079005
1.0833333333333333,99.43103918888201,0.0936257276607507,43.33236542789047,0.0,0.5094726572812688,0.5094726572812688
1.1,99.41311986389425,0.09550438773960676,44.60204364527446,0.0,0.5159530169190628,0.5159530169190628
1.1166666666666667,99.39496878635813,0.09739473314156838,45.88230393033175,0.0,0.5223793198398862,0.5223793198398862
1.1333333333333333,99.37658688106966,0.09929683425555667,47.172867897790525,0.0,0.5287525098845407,0.5287525098845407
1.15,99.35797504524112,0.10121074830834165,48.47345889328769,0.0,0.535073479123864,0.535073479123864
1.1666666666666667,99.33913415280286,0.10313651966042207,49.78380174986509,0.0,0.5413430708571381,0.5413430708571381
1.1833333333333333,99.32006505853869,0.10507418009996465,51.10362256197933,0.0,0.5475620824985733,0.5475620824985733
1.2,99.30076860205853,0.10702374913424301,52.43264847667798,0.0,0.5537312683504477,0.5537312683504477
1.2166666666666666,99.28124561161228,0.10898523427816374,53.77060750157526,0.0,0.5598513422624711,0.5598513422624711
1.2333333333333334,99.26149690774803,0.11095863133958225,55.11722832924404,0.0,0.5659229801775999,0.5659229801775999
1.25,99.24152330681851,0.11294392470121227,56.472240177627995,0.0,0.5719468225652691,0.5719468225652691
1.2666666666666666,99.22132562433958,0.1149410875990102,57.835372646067015,0.0,0.5779234767434028,0.5779234767434028
1.2833333333333334,99.20090467820398,0.11695008239696954,59.20635558651986,0.0,0.583853519091024,0.583853519091024
1.3,99.18026129175432,0.11897086085832236,60.58491898956115,0.0,0.5897374971536028,0.5897374971536028
1.3166666666666667,99.15939629671814,0.12100336441317878,61.97079288472381,0.0,0.595575931643604,0.595575931643604
1.3333333333333333,99.13831053600929,0.12304752442266043,63.363707254753415,0.0,0.6013693183387228,0.6013693183387228
1.35,99.11700486639802,0.1251032624396203,64.76339196333734,0.0,0.6071181298807421,0.6071181298807421
1.3666666666666667,99.09548016105389,0.1271704904660412,66.16957669586806,0.0,0.6128228174777709,0.6128228174777709
1.3833333333333333,99.0737373119639,0.12924911120723293,67.58199091279845,0.0,0.6184838125129241,0.6184838125129241
1.4,99.05177723222931,0.13133901832294545,69.00036381514437,0.0,0.6241015280624794,0.6241015280624794
1.4166666666666667,99.02960085824415,0.13344009667552686,70.42442432168929,0.0,0.6296763603265796,0.6296763603265796
1.4333333333333333,99.00720915175803,0.13555222257525465,71.85390105744425,0.0,0.6352086899756283,0.6352086899756283
1.45,98.98460310182641,0.13767526402296412,73.28852235291642,0.0,0.6406988834154611,0.6406988834154611
1.4666666666666666,98.96178372665067,0.13980908095011355,74.72801625373971,0.0,0.6461472939744409,0.6461472939744409
1.4833333333333334,98.93875207531104,0.14195352545638948,76.1721105402203,0.0,0.6515542630155114,0.6515542630155114
1.5,98.91550922939453,0.1441084420449961,77.62053275635147,0.0,0.6569201209763553,0.6569201209763553
1.5166666666666666,98.89205630452079,0.14627366785572474,79.07301024785261,0.0,0.6622451883405915,0.6622451883405915
1.5333333333333334,98.86839445176794,0.14844903289592537,80.52927020878876,0.0,0.6675297765430838,0.6675297765430838
1.55,98.8445248590011,0.15063436026947982,81.98903973632811,0.0,0.6727741888122232,0.6727741888122232
1.5666666666666667,98.82044875210546,0.1528294664038753,83.45204589319759,0.0,0.6779787209521312,0.6779787209521312
1.5833333333333333,98.79616739612672,0.15503416127546898,84.91801577739835,0.0,0.6831436620675423,0.6831436620675423
1.6,98.7716820963204,0.1572482486330365,86.38667659874545,0.0,0.6882692952342148,0.6882692952342148
1.6166666666666667,98.74699419911279,0.15947152621967092,87.8577557617995,0.0,0.6933558981174669,0.6933558981174669
1.6333333333333333,98.722105092975,0.16170378599311652,89.33098095476063,0.0,0.6984037435415879,0.6984037435415879
1.65,98.69701620921282,0.1639448143445962,90.80608024389953,0.0,0.7034131000125748,0.7034131000125748
1.6666666666666667,98.67172902267356,0.16619439231619537,92.28278217310312,0.0,0.7083842321967916,0.7083842321967916
1.6833333333333333,98.6462450523725,0.16845229581685348,93.76081586811847,0.0,0.7133174013578928,0.7133174013578928
1.7,98.62056586204044,0.17071829583701228,95.23991114508159,0.0,0.7182128657544316,0.7182128657544316
1.7166666666666666,98.59469306059425,0.17299215866195622,96.71979862292388,0.0,0.7230708810003609,0.7230708810003609
1.7333333333333334,98.56862830253245,0.17527364608388962,98.20020983925424,0.0,0.7278917003907074,0.7278917003907074
1.75,98.54237328825727,0.1775625156127628,99.68087736932092,0.0,0.7326755751944577,0.7326755751944577
1.7666666666666666,98.51592976432521,0.17985852068588506,101.16153494766267,0.0,0.7374227549167961,0.7374227549167961
1.7833333333333334,98.48929952362758,0.18216141087633053,102.64191759206662,0.0,0.7421334875326089,0.7421334875326089
1.8,98.46248440550296,0.18447093210015386,104.12176172945621,0.0,0.7468080196932017,0.7468080196932017
1.8166666666666667,98.43548629578315,0.18678682682240927,105.60080532334075,0.0,0.7514465969080087,0.7514465969080087
1.8333333333333333,98.40830712677389,0.1891088342619844,107.07878800246498,0.0,0.7560494637030901,0.7560494637030901
1.85,98.3809488771728,0.19143669059523533,108.55545119030629,0.0,0.7606168637580916,0.7606168637580916
1.8666666666666667,98.35341357192513,0.1937701291584068,110.03053823507453,0.0,0.7651490400232461,0.7651490400232461
1.8833333333333333,98.32570328201986,0.19610888064882898,111.50379453987928,0.0,0.7696462348179827,0.7696462348179827
1.9,98.29782012422682,0.19845267332485853,112.9749676927373,0.0,0.7741086899125932,0.7741086899125932
1.9166666666666667,98.26976626077717,0.20080123320453935,114.44380759610365,0.0,0.7785366465943538,0.7785366465943538
1.9333333333333333,98.24154389898833,0.2031542842629467,115.91006659561863,0.0,0.7829303457194143,0.7829303457194143
1.95,98.21315529083486,0.2055115486281763,117.3734996077733,0.0,0.7872900277517264,0.7872900277517264
1.9666666666666666,98.18460273246714,0.20787274677594206,118.83386424620637,0.0,0.7916159327902188,0.7916159327902188
1.9833333333333334,98.155888563679,0.21023759772271525,120.29092094635601,0.0,0.7959083005853095,0.7959083005853095
2.0,98.12701516732612,0.2126058192173725,121.7444330882005,0.0,0.8001673705458288,0.8001673705458288
2.0166666666666666,98.09798496869634,0.21497712793128138,123.19416711683313,0.0,0.8043933817374083,0.8043933817374083
2.033333333333333,98.0688004348338,0.21735123964676487,124.63989266062748,0.0,0.8085865728731835,0.8085865728731835
2.05,98.03946407381801,0.21972786944388073,126.08138264676074,0.0,0.8127471822977944,0.8127471822977944
2.066666666666667,98.00997843399962,0.22210673928421357,127.51841342127324,0.0,0.8168754535497317,0.8168754535497317
2.0833333333333335,97.98034610300556,0.22448754935484122,128.9507648403989,0.0,0.8209716142063908,0.8209716142063908
2.1,97.9505697074065,0.2268700199119748,130.37822038951379,0.0,0.8250359050534735,0.8250359050534735
2.1166666666666667,97.92065191139073,0.22925386544792822,131.80056728503746,0.0,0.8290685631836637,0.8290685631836637
2.1333333333333333,97.89059541594229,0.23163880031589906,133.21759657332308,0.0,0.8330698247860423,0.8330698247860423
2.15,97.86040295789182,0.2340245392135243,134.62910322582584,0.0,0.8370399254149818,0.8370399254149818
2.1666666666666665,97.83007730892551,0.2364107973826411,136.03488623050634,0.0,0.8409790999980483,0.8409790999980483
2.183333333333333,97.79962127455914,0.23879729078455644,137.4347486792147,0.0,0.8448875828042289,0.8448875828042289
2.2,97.76903769308046,0.24118373626952366,138.82849785089186,0.0,0.8487656074027342,0.8487656074027342
2.216666666666667,97.73832943446128,0.24356985174280982,140.21594529046106,0.0,0.8526134066185886,0.8526134066185886
2.2333333333333334,97.7074993992409,0.24595535632784202,141.59690688330173,0.0,0.8564312124870758,0.8564312124870758
2.25,97.67655051738275,0.24833997052650147,142.97120292521424,0.0,0.8602192562078188,0.8602192562078188
2.2666666666666666,97.64548574710497,0.2507234163765431,144.33865818779395,0.0,0.8639777680990709,0.8639777680990709
2.283333333333333,97.61430807368751,0.25310541760607186,145.69910197914808,0.0,0.867706977552542,0.867706977552542
2.3,97.58302050825635,0.25548569978499214,147.0523681998973,0.0,0.8714071129890699,0.8714071129890699
2.316666666666667,97.55162608654679,0.2578639904733364,148.3982953944176,0.0,0.8750784018153601,0.8750784018153601
2.3333333333333335,97.52012786764718,0.2602400193663844,149.7367267972877,0.0,0.8787210703820019,0.8787210703820019
2.35,97.48852893272469,0.26261351843648517,151.06751037491847,0.0,0.8823353439429563,0.8823353439429563
2.3666666666666667,97.45683238373456,0.2649842220714804,152.390498862351,0.0,0.8859214466165943,0.8859214466165943
2.3833333333333333,97.42504134211424,0.267351867209641,153.70554979522083,0.0,0.8894796013485095,0.8894796013485095
2.4,97.39315894746406,0.269716193471039,155.01252553689517,0.0,0.8930100298761041,0.8930100298761041
2.4166666666666665,97.36118835621583,0.2720769432852481,156.31129330079992,0.0,0.8965129526950869,0.8965129526950869
2.433333333333333,97.32913274029096,0.27443386201531206,157.60172516796266,0.0,0.8999885890279673,0.8999885890279673
2.45,97.29699528574932,0.2767866980778802,158.88369809980694,0.0,0.9034371567945082,0.9034371567945082
2.466666666666667,97.26477919143082,0.27913520305945194,160.15709394624218,0.0,0.9068588725842737,0.9068588725842737
2.4833333333333334,97.23248766759045,0.28147913182863676,161.42179944910077,0.0,0.9102539516312186,0.9102539516312186
2.5,97.20012393452885,0.2838182426443822,162.67770624098395,0.0,0.9136226077903357,0.9136226077903357
2.5166666666666666,97.16769122121963,0.28615229726007996,163.92471083958412,0.0,0.9169650535163962,0.9169650535163962
2.533333333333333,97.13519276393488,0.2884810610235216,165.162714637559,0.0,0.9202814998447207,0.9202814998447207
2.55,97.10263180487006,0.2908043029726148,166.39162388804104,0.0,0.92357215637399,0.92357215637399
2.566666666666667,97.07001159077008,0.29312179592683113,167.61134968587058,0.0,0.9268372312510208,0.9268372312510208
2.5833333333333335,97.03733537155773,0.29543331657433497,168.82180794464844,0.0,0.9300769311575199,0.9300769311575199
2.6,97.00460639896575,0.2977386455547491,170.02291936970937,0.0,0.9332914612987147,0.9332914612987147
2.6166666666666667,96.97182792517395,0.30003756753752825,171.2146094271229,0.0,0.9364810253938578,0.9364810253938578
2.6333333333333333,96.93900320145288,0.30232987129591077,172.39680830883358,0.0,0.939645825668505,0.939645825668505
2.65,96.906135476815,0.30461534977641497,173.56945089405696,0.0,0.9427860628485287,0.9427860628485287
2.6666666666666665,96.87322799667488,0.30689380016388906,174.73247670705234,0.0,0.9459019361557767,0.9459019361557767
2.683333333333333,96.84028400151972,0.30916502394206574,175.88582987139637,0.0,0.9489936433053541,0.9489936433053541
2.7,96.80730672559095,0.31142882694965685,177.02945906088644,0.0,0.9520613805043919,0.9520613805043919
2.716666666666667,96.77429939557896,0.3136850194319498,178.16331744720443,0.0,0.9551053424522629,0.9551053424522629
2.7333333333333334,96.74126522933118,0.31593341608795383,179.28736264447517,0.0,0.9581257223422057,0.9581257223422057
2.75,96.70820743457521,0.31817383611306366,180.40155665085592,0.0,0.9611227118641912,0.9611227118641912
2.7666666666666666,96.67512920765805,0.3204061032373059,181.50586578729488,0.0,0.9640965012090247,0.9640965012090247
2.783333333333333,96.64203373230228,0.3226300457591585,182.60026063359962,0.0,0.9670472790736212,0.9670472790736212
2.8,96.6089241783804,0.32484549657498346,183.68471596195502,0.0,0.9699752326672779,0.9699752326672779
2.816666666666667,96.57580370070829,0.327052293204129,184.75921066803457,0.0,0.9728805477189919,0.9728805477189919
2.8333333333333335,96.54267543785859,0.3292502778097124,185.82372769984667,0.0,0.9757634084856694,0.9757634084856694
2.85,96.50954251099532,0.33143929721515025,186.8782539844589,0.0,0.978623997761139,0.978623997761139
2.8666666666666667,96.47640802273,0.33361920291649894,187.92278035274347,0.0,0.9814624968860122,0.9814624968860122
2.8833333333333333,96.44327505600081,0.33578985109063375,188.9573014622868,0.0,0.984279085758124,0.984279085758124
2.9,96.41014667297506,0.33795110259936517,189.98181571860346,0.0,0.9870739428437213,0.9870739428437213
2.9166666666666665,96.37702591397588,0.34010282298954075,190.99632519479715,0.0,0.9898472451891117,0.9898472451891117
2.933333333333333,96.3439157964341,0.34224488248920576,192.00083554980688,0.0,0.9925991684328498,0.9925991684328498
2.95,96.31081931386547,0.344377155999921,192.99535594537747,0.0,0.9953298868183519,0.9953298868183519
2.966666666666667,96.27773943487449,0.3464995230852931,193.97989896189006,0.0,0.9980395732068568,0.9980395732068568
2.9833333333333334,96.24467910218489,0.3486118567427747,194.9544805019741,0.0,1.000728392248447,1.000728392248447
3.0,96.21164123201642,0.3507140670848402,195.91911973430925,0.0,1.0033965261575444,1.0033965261575444
3.0166666666666666,96.17862871230508,0.35280603828089396,196.8738389817439,0.0,1.0060441394107644,1.0060441394107644
3.033333333333333,96.14564440255283,0.35488766770589436,197.81866364053133,0.0,1.0086713988286435,1.0086713988286435
3.05,96.11269113280723,0.35695885785034964,198.75362209167514,0.0,1.0112784704135498,1.0112784704135498
3.066666666666667,96.07977170281585,0.35901951578592345,199.6787456129663,0.0,1.013865518966867,1.013865518966867
3.0833333333333335,96.04688888122405,0.3610695530819475,200.59406829059526,0.0,1.0164327080335747,1.0164327080335747
3.1,96.0140454048053,0.36310888575829187,201.49962693054857,0.0,1.0189801998984844,1.0189801998984844
3.1166666666666667,95.9812439777223,0.36513743424160694,202.395460969951,0.0,1.02150815559424,1.02150815559424
3.1333333333333333,95.9484872708186,0.36715512332041184,203.28161238847787,0.0,1.0240167349126883,1.0240167349126883
3.15,95.91577792094108,0.3691618820981271,204.15812561994917,0.0,1.0265060964175152,1.0265060964175152
3.1666666666666665,95.88311853029276,0.37115764394381007,205.02504746420863,0.0,1.02897639745727,1.02897639745727
3.183333333333333,95.85051166581653,0.37314234644059596,205.88242699938723,0.0,1.0314277941784944,1.0314277941784944
3.2,95.81795985860951,0.375115931331891,206.73031549464446,0.0,1.033860441538775,1.033860441538775
3.216666666666667,95.7854656033682,0.37707834446544247,207.56876632347803,0.0,1.0362744933196375,1.0362744933196375
3.2333333333333334,95.75303135786419,0.3790295357353463,208.39783487768742,0.0,1.0386701021392712,1.0386701021392712
3.25,95.72065954245068,0.3809694590221497,209.21757848207352,0.0,1.0410474194649937,1.0410474194649937
3.2666666666666666,95.68835253959944,0.38289807213112353,210.02805630995186,0.0,1.0434065956254475,1.0434065956254475
3.283333333333333,95.6561126934681,0.3848153367288532,210.82932929955402,0.0,1.0457477798225534,1.0457477798225534
3.3,95.62394230949766,0.38672121827823547,211.62146007138674,0.0,1.0480711201431236,1.0480711201431236
3.316666666666667,95.5918436540401,0.38861568597202084,212.40451284661438,0.0,1.0503767635702006,1.0503767635702006
3.3333333333333335,95.5598189540157,0.390498712664985,213.17855336652784,0.0,1.052664855994053,1.052664855994053
3.35,95.52787039659977,0.3923702748048947,213.94364881315718,0.0,1.0549355422228817,1.0549355422228817
3.3666666666666667,95.49600012893882,0.3942303523623096,214.6998677310831,0.0,1.0571889659931548,1.0571889659931548
3.3833333333333333,95.4642102578953,0.3960789287594036,215.44727995049715,0.0,1.0594252699796476,1.0594252699796476
3.4,95.4325028498211,0.39791599079785267,216.18595651155792,0.0,1.0616445958051273,1.0616445958051273
3.4166666666666665,95.40087993035924,0.3997415285859443,216.91596959008638,0.0,1.06384708404971,1.06384708404971
3.433333333333333,95.36934348427302,0.4015555354649791,217.6373924246398,0.0,1.066032874259874,1.066032874259874
3.45,95.33789545530286,0.40335800793509147,218.35029924500006,0.0,1.0682021049571855,1.0682021049571855
3.466666666666667,95.30653774604973,0.40514894558056364,219.05476520210885,0.0,1.0703549136466162,1.0703549136466162
3.4833333333333334,95.27527221788519,0.40692835099476904,219.75086629947938,0.0,1.0724914368246186,1.0724914368246186
3.5,95.24410069088725,0.40869622970479214,220.43867932610996,0.0,1.0746118099868185,1.0746118099868185
3.5166666666666666,95.21302494380168,0.41045259009586577,221.11828179092169,0.0,1.0767161676354546,1.0767161676354546
3.533333333333333,95.18204671402823,0.4121974433356807,221.7897518587407,0.0,1.0788046432864684,1.0788046432864684
3.55,95.15116769763122,0.41393080329866583,222.45316828784044,0.0,1.0808773694763023,1.0808773694763023
3.566666666666667,95.1203895493739,0.4156526864903314,223.10861036905803,0.0,1.0829344777684282,1.0829344777684282
3.5833333333333335,95.08971388277607,0.417363111971744,223.75615786649516,0.0,1.0849760987595802,1.0849760987595802
3.6,95.05914227019449,0.41906210128422305,224.39589095981168,0.0,1.0870023620857239,1.0870023620857239
3.6166666666666667,95.02867624292521,0.4207496783743166,225.02789018811677,0.0,1.0890133964277617,1.0890133964277617
3.6333333333333333,94.99831729132741,0.4224258695191522,225.6522363954612,0.0,1.0910093295169745,1.0910093295169745
3.65,94.96806686496816,0.4240907032522124,226.26901067793014,0.0,1.0929902881402531,1.0929902881402531
3.6666666666666665,94.93792637278766,0.4257442102896115,226.87829433233574,0.0,1.0949563981450634,1.0949563981450634
3.683333333333333,94.90789718328362,0.42738642345692296,227.48016880650408,0.0,1.09690778444421,1.09690778444421
3.7,94.87798062471524,0.4290173776166491,228.07471565115117,0.0,1.098844571020416,1.098844571020416
3.716666666666667,94.84817798532517,0.43063710959634255,228.66201647333995,0.0,1.1007668809306381,1.1007668809306381
3.7333333333333334,94.8184905135795,0.4322456581174791,229.2421528915071,0.0,1.1026748363102945,1.1026748363102945
3.75,94.78891941842483,0.4338430637250937,229.81520649204896,0.0,1.1045685583772036,1.1045685583772036
3.7666666666666666,94.75946586956172,0.4354293687182661,230.3812587874523,0.0,1.1064481674354756,1.1064481674354756
3.783333333333333,94.73013099773429,0.43700461708146315,230.940391175955,0.0,1.108313782879154,1.108313782879154
3.8,94.70091589503477,0.43856885441679966,231.49268490272,0.0,1.1101655231957803,1.1101655231957803
3.816666666666667,94.67182161522284,0.44012212787726807,232.03822102250462,0.0,1.1120035059698004,1.1120035059698004
3.8333333333333335,94.64284917405901,0.44166448610093445,232.57708036380595,0.0,1.1138278478858705,1.1138278478858705
3.85,94.61399954965123,0.4431959791461844,233.10934349446123,0.0,1.1156386647320227,1.1156386647320227
3.8666666666666667,94.58527368281442,0.4447166584279945,233.63509068868282,0.0,1.1174360714027556,1.1174360714027556
3.8833333333333333,94.5566724774419,0.4462265766553159,234.154401895504,0.0,1.1192201819020526,1.1192201819020526
3.9,94.52819680088857,0.4477257877695401,234.66735670861243,0.0,1.1209911093462899,1.1209911093462899
3.9166666666666665,94.499847484365,0.4492143468841155,235.17403433754748,0.0,1.1227489659671042,1.1227489659671042
3.933333333333333,94.47162532334171,0.45069231022529405,235.6745135802354,0.0,1.1244938631141517,1.1244938631141517
3.95,94.44353107796339,0.45215973507406704,236.16887279683706,0.0,1.1262259112579085,1.1262259112579085
3.966666666666667,94.41556547347204,0.4536166797092661,236.65718988488146,0.0,1.127945219992335,1.127945219992335
3.9833333333333334,94.38772920063909,0.4550632033518725,237.13954225565843,0.0,1.129651898037554,1.129651898037554
4.0,94.36002291620514,0.45649936611053943,237.61600681184316,0.0,1.1313460532425248,1.1313460532425248
4.016666666666667,94.33244724332745,0.4579252289283202,238.086659926324,0.0,1.1330277925876509,1.1330277925876509
4.033333333333333,94.3050027720343,0.4593408535306295,238.55157742220644,0.0,1.1346972221874112,1.1346972221874112
4.05,94.27769005968577,0.4607463023744294,239.01083455396378,0.0,1.136354447292982,1.136354447292982
4.066666666666666,94.25050963144035,0.46214163859865975,239.46450598970694,0.0,1.1379995722948681,1.1379995722948681
4.083333333333333,94.22346198072707,0.46352692597589323,239.91266579454373,0.0,1.1396327007255538,1.1396327007255538
4.1,94.19654756972236,0.4649022288652311,240.3553874149992,0.0,1.1412539352621378,1.1412539352621378
4.116666666666666,94.16976682983136,0.4662676121664235,240.79274366446825,0.0,1.142863377729011,1.142863377729011
4.133333333333334,94.14312016217319,0.4676231412752464,241.22480670967107,0.0,1.1444611291006126,1.1444611291006126
4.15,94.11660793806959,0.4689688820400717,241.65164805808342,0.0,1.1460472895041105,1.1460472895041105
4.166666666666667,94.0902304995366,0.470304900719678,242.0733385463118,0.0,1.1476219582222478,1.1476219582222478
4.183333333333334,94.06398815977886,0.47163126394226973,242.4899483293861,0.0,1.1491852336961135,1.1491852336961135
4.2,94.03788120368586,0.4729480386656975,242.9015468709408,0.0,1.1507372135280598,1.1507372135280598
4.216666666666667,94.01190988833005,0.4742552921388793,243.30820293425583,0.0,1.1522779944846018,1.1522779944846018
4.233333333333333,93.98607444346631,0.47555309186439976,243.70998457413046,0.0,1.1538076724994073,1.1538076724994073
4.25,93.96037507203212,0.47684150556228644,244.10695912956126,0.0,1.155326342676349,1.155326342676349
4.266666666666667,93.93481195064844,0.4781206011349371,244.49919321719747,0.0,1.1568340992925663,1.1568340992925663
4.283333333333333,93.90938523012072,0.47939044663320646,244.88675272554616,0.0,1.1583310358016585,1.1583310358016585
4.3,93.88409503593972,0.4806511102236135,245.269702809901,0.0,1.1598172448369053,1.1598172448369053
4.316666666666666,93.85894146878178,0.48190266015666694,245.64810788796788,0.0,1.1612928182145577,1.1612928182145577
4.333333333333333,93.8339246050082,0.48314516473630215,246.02203163616164,0.0,1.1627578469372046,1.1627578469372046
4.35,93.80904449716364,0.48437869229038044,246.39153698654846,0.0,1.1642124211972,1.1642124211972
4.366666666666666,93.78430117447267,0.48560331114227856,246.7566861244082,0.0,1.1656566303801845,1.1656566303801845
4.383333333333334,93.75969464333497,0.48681908958350933,247.11754048639293,0.0,1.167090563068633,1.167090563068633
4.4,93.73522488781812,0.4880260958473875,247.47416075925727,0.0,1.1685143070455508,1.1685143070455508
4.416666666666667,93.71089187014827,0.48922439808370394,247.82660687913594,0.0,1.169927949298167,1.169927949298167
4.433333333333334,93.68669553119817,0.4904140643343834,248.1749380313464,0.0,1.171331576021736,1.171331576021736
4.45,93.6626357909723,0.4915951625101377,248.51921265069356,0.0,1.1727252726234338,1.1727252726234338
4.466666666666667,93.63871254908904,0.4927677603680555,248.85948842225426,0.0,1.174109123726281,1.174109123726281
4.483333333333333,93.61492568525938,0.4939319254901347,249.195822282619,0.0,1.175483213173172,1.175483213173172
4.5,93.59127505976234,0.49508772526274253,249.5282704215717,0.0,1.176847624030994,1.176847624030994
4.516666666666667,93.5677605139165,0.496235226856943,249.8568882841847,0.0,1.1782024385947498,1.1782024385947498
4.533333333333333,93.54438187054767,0.4973744972097355,250.18173057331006,0.0,1.179547738391845,1.179547738391845
4.55,93.52113893445254,0.4985056030061146,250.50285125244736,0.0,1.1808836041863537,1.1808836041863537
4.566666666666666,93.49803149285788,0.49962861066199843,250.8203035489685,0.0,1.1822101159834444,1.1822101159834444
4.583333333333333,93.47505931587558,0.5007435863079417,251.13413995768136,0.0,1.1835273530337982,1.1835273530337982
4.6,93.45222215695293,0.5018505957736579,251.44441224471382,0.0,1.1848353938381206,1.1848353938381206
4.616666666666666,93.42951975331816,0.5029497045733233,251.75117145170105,0.0,1.1861343161517586,1.1861343161517586
4.633333333333334,93.40695182642119,0.50404097789162,252.05446790025871,0.0,1.1874241969893133,1.1874241969893133
4.65,93.3845180823695,0.5051244805705206,252.3543511967254,0.0,1.188705112629362,1.188705112629362
4.666666666666667,93.36221821235866,0.5062002770967855,252.65087023715887,0.0,1.1899771386192233,1.1899771386192233
4.683333333333334,93.34005189309784,0.5072684315901606,252.94407321257052,0.0,1.1912403497797974,1.1912403497797974
4.7,93.31801878722997,0.5083290077922376,253.23400761438148,0.0,1.1924948202104457,1.1924948202104457
4.716666666666667,93.29611854374643,0.5093820690559822,253.52072024008893,0.0,1.1937406232939132,1.1937406232939132
4.733333333333333,93.27435079839637,0.5104276783358883,253.8042571991254,0.0,1.194977831701365,1.194977831701365
4.75,93.25271517409037,0.5114658981787541,254.08466391889934,0.0,1.196206517397373,1.196206517397373
4.766666666666667,93.23121128129856,0.5124967907150577,254.36198515100372,0.0,1.1974267516450754,1.1974267516450754
4.783333333333333,93.20983871844301,0.5135204176509117,254.63626497757917,0.0,1.1986386050112663,1.1986386050112663
4.8,93.18859707228424,0.5145368402605683,254.90754681782056,0.0,1.1998421473715928,1.1998421473715928
4.816666666666666,93.16748591830223,0.5155461193794869,255.1758734346143,0.0,1.20103744791581,1.20103744791581
4.833333333333333,93.14650482107137,0.5165483153979147,255.44128694129626,0.0,1.202224575153013,1.202224575153013
4.85,93.12565333462958,0.5175434882549665,255.70382880851795,0.0,1.2034035969169563,1.2034035969169563
4.866666666666666,93.10493100284152,0.5185316974332252,255.96353987121196,0.0,1.2045745803714107,1.2045745803714107
4.883333333333334,93.08433735975599,0.5195130019537736,256.22046033564567,0.0,1.2057375920154978,1.2057375920154978
4.9,93.06387192995723,0.520487460371725,256.4746297865541,0.0,1.2068926976891385,1.2068926976891385
4.916666666666667,93.04353422891033,0.5214551307721643,256.72608719434277,0.0,1.208039962578464,1.208039962578464
4.933333333333334,93.02332376330074,0.5224160707665317,256.97487092235104,0.0,1.2091794512212712,1.2091794512212712
4.95,93.00324003136764,0.5233703374894048,257.22101873416847,0.0,1.2103112275125234,1.2103112275125234
4.966666666666667,92.98328252323161,0.5243179875956767,257.46456780099504,0.0,1.211435354709843,1.211435354709843
4.983333333333333,92.96345072121606,0.5252590772581216,257.7055547090382,0.0,1.2125518954390364,1.2125518954390364
5.0,92.9437441001629,0.5261936621653208,257.9440154669397,0.0,1.213660911699663,1.213660911699663
5.016666666666667,92.92416212774212,0.5271217975199235,258.17998551322364,0.0,1.2147624648705435,1.2147624648705435
5.033333333333333,92.90470426475574,0.5280435380372683,258.413499723761,0.0,1.2158566157153836,1.2158566157153836
5.05,92.88536996543546,0.5289589379443057,258.6445924192422,0.0,1.2169434243883166,1.2169434243883166
5.066666666666666,92.86615867773484,0.5298680509788469,258.8732973726536,0.0,1.2180229504395004,1.2180229504395004
5.083333333333333,92.84706984361539,0.5307709303890966,259.0996478167507,0.0,1.2190952528207453,1.2190952528207453
5.1,92.8281028993269,0.5316676289334705,259.32367645152254,0.0,1.2201603898910747,1.2201603898910747
5.116666666666666,92.80925727568204,0.5325581988806969,259.54541545164363,0.0,1.2212184194223448,1.2212184194223448
5.133333333333334,92.79053239832534,0.5334426920101507,259.7648964739062,0.0,1.2222693986048554,1.2222693986048554
5.15,92.77192768799621,0.5343211596124661,259.98215066462996,0.0,1.223313384052946,1.223313384052946
5.166666666666667,92.75344256078658,0.535193652490357,260.19720866704375,0.0,1.224350431810584,1.224350431810584
5.183333333333334,92.73507642839274,0.5360602209596906,260.4101006286358,0.0,1.2253805973569798,1.2253805973569798
5.2,92.71682869836188,0.536920914850747,260.62085620846767,0.0,1.226403935612158,1.226403935612158
5.216666666666667,92.69869877433281,0.5377757835097032,260.82950458444907,0.0,1.2274205009425334,1.2274205009425334
5.233333333333333,92.6806860562715,0.5386248758003009,261.0360744605691,0.0,1.2284303471664957,1.2284303471664957
5.25,92.66278994070109,0.5394682401057042,261.2405940740824,0.0,1.229433527559938,1.229433527559938
5.266666666666667,92.6450098209267,0.5403059243305245,261.44309120264427,0.0,1.230430094861827,1.230430094861827
5.283333333333333,92.62734508725477,0.5411379759030183,261.64359317139485,0.0,1.2314201012796862,1.2314201012796862
5.3,92.60979512720732,0.5419644417774383,261.8421268599877,0.0,1.2324035984951565,1.2324035984951565
5.316666666666666,92.5923593257311,0.5427853684365282,262.0387187095611,0.0,1.2333806376694398,1.2333806376694398
5.333333333333333,92.57503706540146,0.5436008018941674,262.2333947296498,0.0,1.2343512694487875,1.2343512694487875
5.35,92.55782772662145,0.5444107876981318,262.4261805050342,0.0,1.2353155439699517,1.2353155439699517
5.366666666666666,92.54073068781568,0.5452153709329978,262.61710120252644,0.0,1.2362735108655973,1.2362735108655973
5.383333333333334,92.52374532561949,0.5460145962231393,262.80618157769044,0.0,1.237225219269701,1.237225219269701
5.4,92.50687101506317,0.5468085077358589,262.9934459814938,0.0,1.2381707178229484,1.2381707178229484
5.416666666666667,92.49010712975155,0.5475971491845941,263.178918366892,0.0,1.2391100546780442,1.2391100546780442
5.433333333333334,92.47345304203874,0.5483805638322425,263.3626222953414,0.0,1.2400432775050678,1.2400432775050678
5.45,92.45690812319829,0.5491587944945605,263.5445809432407,0.0,1.2409704334967417,1.2409704334967417
5.466666666666667,92.44047174358886,0.5499318835436482,263.72481710829965,0.0,1.241891569373696,1.241891569373696
5.483333333333333,92.4241432728153,0.5506998729115056,263.9033532158341,0.0,1.242806731389695,1.242806731389695
5.5,92.40792207988544,0.5514628040936803,264.08021132498624,0.0,1.2437159653368486,1.2437159653368486
5.516666666666667,92.39180753336235,0.552220718152948,264.2554131348693,0.0,1.244619316550756,1.244619316550756
5.533333333333333,92.37579900151252,0.5529736557230678,264.4289799906362,0.0,1.24551682991564,1.24551682991564
5.55,92.35989585244964,0.553721657012605,264.6009328894711,0.0,1.2464085498694548,1.2464085498694548
5.566666666666666,92.34409745427442,0.5544647618087762,264.771292486504,0.0,1.2472945204089299,1.2472945204089299
5.583333333333333,92.32840317521018,0.5552030094813545,264.9400791006475,0.0,1.2481747850945903,1.2481747850945903
5.6,92.31281238373462,0.5559364389866198,265.10731272035554,0.0,1.249049387055756,1.249049387055756
5.616666666666666,92.29732444870741,0.5566650888713242,265.27301300930407,0.0,1.2499183689954712,1.2499183689954712
5.633333333333334,92.28193873949427,0.5573889972767088,265.43719931199286,0.0,1.2507817731954232,1.2507817731954232
5.65,92.26665462608688,0.5581082019425355,265.59989065926953,0.0,1.2516396415208157,1.2516396415208157
5.666666666666667,92.25147147921936,0.5588227402111468,265.7611057737743,0.0,1.2524920154251766,1.2524920154251766
5.683333333333334,92.23638867048102,0.5595326490315428,265.9208630753071,0.0,1.2533389359551654,1.2533389359551654
5.7,92.22140557242547,0.5602379649634714,266.07918068611536,0.0,1.254180443755313,1.254180443755313
5.716666666666667,92.20652155867629,0.5609387241815428,266.2360764361048,0.0,1.2550165790727357,1.2550165790727357
5.733333333333333,92.1917360040292,0.5616349624793369,266.3915678679712,0.0,1.2558473817617763,1.2558473817617763
5.75,92.17704828455089,0.5623267152735243,266.54567224225536,0.0,1.2566728912886593,1.2566728912886593
5.766666666666667,92.16245777767465,0.5630140176079992,266.6984065423198,0.0,1.2574931467360453,1.2574931467360453
5.783333333333333,92.14796386229249,0.5636969041579925,266.8497874792499,0.0,1.2583081868075707,1.2583081868075707
5.8,92.13356591884434,0.5643754092341979,266.9998314966769,0.0,1.259118049832352,1.259118049832352
5.816666666666666,92.11926332940405,0.5650495667869028,267.14855477552607,0.0,1.2599227737694232,1.2599227737694232
5.833333333333333,92.10505547776235,0.5657194104100733,267.2959732386887,0.0,1.2607223962121485,1.2607223962121485
5.85,92.09094174950677,0.5663849733454774,267.44210255561933,0.0,1.261516954392579,1.261516954392579
5.866666666666666,92.07692153209882,0.5670462884867629,267.58695814685814,0.0,1.2623064851857855,1.2623064851857855
5.883333333333334,92.06299421494808,0.5677033883835344,267.73055518848,0.0,1.2630910251140985,1.2630910251140985
5.9,92.04915918948375,0.5683563052454144,267.87290861646994,0.0,1.263870610351382,1.263870610351382
5.916666666666667,92.03541584922321,0.5690050709460852,268.0140331310258,0.0,1.2646452767271832,1.2646452767271832
5.933333333333334,92.02176358983822,0.5696497170273069,268.1539432007896,0.0,1.265415059730879,1.265415059730879
5.95,92.00820180921819,0.5702902747029264,268.2926530670073,0.0,1.2661799945157866,1.2661799945157866
5.966666666666667,91.99472990753117,0.5709267748628571,268.43017674761796,0.0,1.2669401159032083,1.2669401159032083
5.983333333333333,91.98134728728222,0.5715592480770164,268.5665280412735,0.0,1.267695458386413,1.267695458386413
6.0,91.9680533533693,0.5721877245992875,268.7017205312892,0.0,1.2684460561346507,1.2684460561346507
6.016666666666667,91.95484751313701,0.5728122343713903,268.83576758952586,0.0,1.2691919429970007,1.2691919429970007
6.033333333333333,91.94172917642771,0.5734328070267831,268.96868238020505,0.0,1.2699331525063098,1.2699331525063098
6.05,91.92869775563068,0.5740494718944884,269.10047786365715,0.0,1.270669717882966,1.270669717882966
6.066666666666666,91.91575266572877,0.5746622580029278,269.2311668000039,0.0,1.2714016720387342,1.2714016720387342
6.083333333333333,91.90289332434328,0.5752711940836944,269.3607617527758,0.0,1.272129047580441,1.272129047580441
6.1,91.89011915177632,0.5758763085753137,269.48927509246516,0.0,1.272851876813703,1.272851876813703
6.116666666666666,91.87742957105141,0.5764776296269676,269.6167190000165,0.0,1.2735701917465903,1.2735701917465903
6.133333333333334,91.86482400795198,0.5770751851021743,269.7431054702534,0.0,1.274284024093194,1.274284024093194
6.15,91.85230189105803,0.5776690025824491,269.8684463152442,0.0,1.2749934052772185,1.2749934052772185
6.166666666666667,91.83986265178069,0.5782591093709242,269.99275316760753,0.0,1.2756983664354848,1.2756983664354848
6.183333333333334,91.82750572439515,0.5788455324959282,270.11603748375643,0.0,1.2763989384214298,1.2763989384214298
6.2,91.81523054607172,0.5794282987145383,270.23831054708495,0.0,1.2770951518085303,1.2770951518085303
6.216666666666667,91.80303655690497,0.5800074345160898,270.3595834710951,0.0,1.2777870368936783,1.2777870368936783
6.233333333333333,91.79092319994153,0.5805829661256586,270.4798672024672,0.0,1.2784746237005535,1.2784746237005535
6.25,91.7788899212059,0.5811549195074888,270.59917252407365,0.0,1.2791579419829158,1.2791579419829158
6.266666666666667,91.76693616972481,0.5817233203683952,270.71751005793675,0.0,1.2798370212278627,1.2798370212278627
6.283333333333333,91.75506139754997,0.5822881941611359,270.8348902681318,0.0,1.280511890659088,1.280511890659088
6.3,91.74326505977928,0.5828495660877275,270.95132346363613,0.0,1.2811825792400229,1.2811825792400229
6.316666666666666,91.7315466145766,0.5834074611027387,271.06681980112523,0.0,1.281849115676992,1.281849115676992
6.333333333333333,91.71990552319009,0.5839619039165241,271.1813892877162,0.0,1.282511528422309,1.282511528422309
6.35,91.7083412499691,0.5845129189984606,271.29504178366017,0.0,1.2831698456773606,1.2831698456773606
6.366666666666666,91.69685326237965,0.5850605305800914,271.40778700498356,0.0,1.2838240953955853,1.2838240953955853
6.383333333333334,91.68544103101875,0.5856047626582767,271.5196345260803,0.0,1.2844743052854808,1.2844743052854808
6.4,91.67410402962736,0.5861456389982763,271.630593782254,0.0,1.285120502813524,1.285120502813524
6.416666666666667,91.662841735102,0.5866831831368156,271.740674072213,0.0,1.285762715207105,1.285762715207105
6.433333333333334,91.6516536275053,0.5872174183850901,271.8498845605178,0.0,1.2864009694573502,1.2864009694573502
6.45,91.64053919007537,0.5877483678317482,271.9582342799812,0.0,1.287035292321959,1.287035292321959
6.466666666666667,91.62949790923398,0.5882760543458354,272.06573213402356,0.0,1.2876657103280058,1.2876657103280058
6.483333333333333,91.61852927459353,0.5888005005796872,272.172386898983,0.0,1.288292249774663,1.288292249774663
6.5,91.60763277896326,0.5893217289717948,272.27820722638074,0.0,1.2889149367359316,1.2889149367359316
6.516666666666667,91.59680791835413,0.5898397617496304,272.3832016451441,0.0,1.289533797063296,1.289533797063296
6.533333333333333,91.58605419198284,0.5903546209324251,272.48737856378546,0.0,1.2901488563883736,1.2901488563883736
6.55,91.57537110227484,0.5908663283339284,272.59074627254097,0.0,1.290760140125508,1.290760140125508
6.566666666666666,91.56475815486648,0.5913749055651104,272.69331294546674,0.0,1.2913676734743504,1.2913676734743504
6.583333333333333,91.5542148586061,0.591880374036839,272.7950866424952,0.0,1.291971481422358,1.291971481422358
6.6,91.54374072555439,0.5923827549625089,272.8960753114519,0.0,1.2925715887473106,1.2925715887473106
6.616666666666666,91.53333527098386,0.5928820693606479,272.99628679003314,0.0,1.293168020019776,1.293168020019776
6.633333333333334,91.52299801337742,0.5933783380574706,273.09572880774505,0.0,1.2937607996055034,1.2937607996055034
6.65,91.5127284744263,0.5938715816894088,273.19440898780636,0.0,1.2943499516678518,1.2943499516678518
6.666666666666667,91.50252617902703,0.5943618207056013,273.29233484901243,0.0,1.2949355001701246,1.2949355001701246
6.683333333333334,91.49239065527789,0.5948490753703418,273.3895138075648,0.0,1.2955174688779059,1.2955174688779059
6.7,91.48232143447449,0.5953333657654987,273.4859531788646,0.0,1.2960958813613443,1.2960958813613443
6.716666666666667,91.47231805110468,0.5958147117928929,273.58166017927084,0.0,1.296670760997399,1.296670760997399
6.733333333333333,91.4623800428429,0.5962931331766556,273.6766419278248,0.0,1.2972421309721127,1.2972421309721127
6.75,91.45250695054378,0.5967686494655322,273.77090544794135,0.0,1.29781001428276,1.29781001428276
6.766666666666667,91.44269831823519,0.5972412800351546,273.8644576690667,0.0,1.2983744337400365,1.2983744337400365
6.783333333333333,91.43295369311069,0.5977110440902987,273.9573054283041,0.0,1.2989354119701808,1.2989354119701808
6.8,91.42327262552138,0.5981779606670833,274.04945547200805,0.0,1.2994929714170906,1.2994929714170906
6.816666666666666,91.41365466896721,0.5986420486351608,274.1409144573474,0.0,1.3000471343444044,1.3000471343444044
6.833333333333333,91.40409938008781,0.5991033266998392,274.2316889538381,0.0,1.3005979228374978,1.3005979228374978
6.85,91.39460631865275,0.599561813404212,274.3217854448458,0.0,1.3011453588055606,1.3011453588055606
6.866666666666666,91.38517504755137,0.6000175271312361,274.41121032905954,0.0,1.3016894639835541,1.3016894639835541
6.883333333333334,91.37580513278212,0.6004704861057719,274.4999699219366,0.0,1.3022302599341582,1.3022302599341582
6.9,91.3664961434415,0.6009207083965975,274.5880704571193,0.0,1.3027677680497172,1.3027677680497172
6.916666666666667,91.35724765171238,0.6013682119184091,274.6755180878237,0.0,1.3033020095541377,1.3033020095541377
6.933333333333334,91.34805923285226,0.6018130144337555,274.76231888820246,0.0,1.303833005504763,1.303833005504763
6.95,91.3389304651808,0.6022551335549762,274.84847885467974,0.0,1.3043607767942236,1.3043607767942236
6.966666666666667,91.32986093006713,0.6026945867460924,274.93400390726094,0.0,1.304885344152248,1.304885344152248
6.983333333333333,91.32085021191685,0.6031313913246656,275.01889989081707,0.0,1.3054067281474726,1.3054067281474726
7.0,91.31189789815856,0.6035655644636406,275.1031725763437,0.0,1.3059249491891978,1.3059249491891978
7.016666666666667,91.30300357923016,0.6039971231931518,275.1868276621957,0.0,1.3064400275291443,1.3064400275291443
7.033333333333333,91.29416684856488,0.6044260844022934,275.269870775298,0.0,1.3069519832631562,1.3069519832631562
7.05,91.28538730257678,0.6048524648408794,275.3523074723325,0.0,1.3074608363329125,1.3074608363329125
7.066666666666666,91.27666454064624,0.6052762811211647,275.4341432409027,0.0,1.307966606527581,1.307966606527581
7.083333333333333,91.26799816510513,0.6056975497195332,275.5153835006749,0.0,1.3084693134854715,1.3084693134854715
7.1,91.25938778122159,0.6061162869781725,275.59603360449796,0.0,1.3089689766956505,1.3089689766956505
7.116666666666666,91.2508329971847,0.6065325091067189,275.67609883950075,0.0,1.3094656154995616,1.3094656154995616
7.133333333333334,91.24233342408886,0.6069462321838722,275.7555844281692,0.0,1.309959249092576,1.309959249092576
7.15,91.23388873544691,0.6073574721589793,275.83449378443896,0.0,1.3104498965255482,1.3104498965255482
7.166666666666667,91.22549848828679,0.6077662404466314,275.9128338090915,0.0,1.3109375744191474,1.3109375744191474
7.183333333333334,91.21716230242275,0.6081725568067151,275.9906095350539,0.0,1.3114223033379413,1.3114223033379413
7.2,91.2088798004066,0.6085764371862434,276.06782593429546,0.0,1.311904102266706,1.311904102266706
7.216666666666667,91.20065060759617,0.6089778971017191,276.14448791959165,0.0,1.3123829898035249,1.3123829898035249
7.233333333333333,91.19247435215125,0.6093769519014305,276.22060034534235,0.0,1.3128589843464344,1.3128589843464344
7.25,91.18435066502059,0.6097736167998854,276.2961680084239,0.0,1.3133321041348065,1.3133321041348065
7.266666666666667,91.17627917992647,0.6101679068870044,276.37119564906624,0.0,1.3138023672631438,1.3138023672631438
7.283333333333333,91.16825953334838,0.6105598371323344,276.4456879517314,0.0,1.3142697916874146,1.3142697916874146
7.3,91.16029136450626,0.6109494223876742,276.51964954598463,0.0,1.3147343952287163,1.3147343952287163
7.316666666666666,91.15237431534337,0.6113366773890907,276.5930850073547,0.0,1.3151961955759028,1.3151961955759028
7.333333333333333,91.14450803050906,0.6117216167586227,276.6659988581799,0.0,1.3156552102876207,1.3156552102876207
7.35,91.13669215734132,0.6121042550058163,276.7383955684396,0.0,1.316111456794063,1.316111456794063
7.366666666666666,91.1289263458492,0.6124846065291525,276.8102795565724,0.0,1.3165649523985519,1.3165649523985519
7.383333333333334,91.12121024869522,0.6128626856174149,276.88165519027854,0.0,1.317015714278979,1.317015714278979
7.4,91.11354352117765,0.6132385064510056,276.9525267873075,0.0,1.317463759489224,1.317463759489224
7.416666666666667,91.10592582121265,0.6136120831032065,277.02289861623166,0.0,1.3179091049604343,1.3179091049604343
7.433333333333334,91.09835680931648,0.613983429541433,277.0927748972054,0.0,1.3183517675023624,1.3183517675023624
7.45,91.09083614858764,0.6143525596284342,277.1621598027102,0.0,1.3187917638045754,1.3187917638045754
7.466666666666667,91.08336350468882,0.6147194871234936,277.231057458285,0.0,1.3192291104377025,1.3192291104377025
7.483333333333333,91.07593854582908,0.6150842256835807,277.2994719432444,0.0,1.3196638238546052,1.3196638238546052
7.5,91.06856094274572,0.6154467888645012,277.367407291382,0.0,1.3200959203915617,1.3200959203915617
7.516666666666667,91.06123036868647,0.6158071901220162,277.4348674916614,0.0,1.3205254162694116,1.3205254162694116
7.533333333333333,91.05394649939126,0.6161654428129458,277.5018564888946,0.0,1.3209523275946875,1.3209523275946875
7.55,91.04670901307442,0.6165215601962517,277.5683781844064,0.0,1.3213766703607235,1.3213766703607235
7.566666666666666,91.03951759040653,0.6168755554341062,277.6344364366884,0.0,1.3217984604487543,1.3217984604487543
7.583333333333333,91.03237191449647,0.617227441592934,277.7000350620387,0.0,1.3222177136289717,1.3222177136289717
7.6,91.02527167087347,0.617577231644454,277.7651778351917,0.0,1.3226344455616301,1.3226344455616301
7.616666666666666,91.01821654746905,0.6179249384666804,277.8298684899347,0.0,1.3230486717980436,1.3230486717980436
7.633333333333334,91.01120623459926,0.6182705748449357,277.89411071971426,0.0,1.3234604077816425,1.3234604077816425
7.65,91.00424042494652,0.6186141534728192,277.9579081782303,0.0,1.3238696688489824,1.3238696688489824
7.666666666666667,90.99731881354197,0.6189556869531808,278.0212644800202,0.0,1.3242764702307332,1.3242764702307332
7.683333333333334,90.99044109774749,0.6192951877990708,278.08418320103164,0.0,1.3246808270526906,1.3246808270526906
7.7,90.98360697723798,0.6196326684346772,278.146667879185,0.0,1.3250827543367332,1.3250827543367332
7.716666666666667,90.97681615398353,0.619968141196246,278.2087220149254,0.0,1.325482267001779,1.325482267001779
7.733333333333333,90.97006833223176,0.6203016183329884,278.2703490717652,0.0,1.3258793798647388,1.3258793798647388
7.75,90.9633632184902,0.6206331120079757,278.33155247681583,0.0,1.3262741076414541,1.3262741076414541
7.766666666666667,90.95670052150862,0.6209626342990164,278.3923356213101,0.0,1.326666464947601,1.326666464947601
7.783333333333333,90.95007995226156,0.6212901971995222,278.4527018611156,0.0,1.3270564662996138,1.3270564662996138
7.8,90.94350122393081,0.6216158126193542,278.51265451723856,0.0,1.3274441261155725,1.3274441261155725
7.816666666666666,90.93696405188807,0.6219394923856821,278.57219687631806,0.0,1.3278294587161001,1.3278294587161001
7.833333333333333,90.9304681536775,0.6222612482437871,278.6313321911121,0.0,1.328212478325216,1.328212478325216
7.85,90.92401324899856,0.6225810918578848,278.69006368097433,0.0,1.3285931990712097,1.3285931990712097
7.866666666666666,90.91759905968883,0.6228990348119274,278.74839453232283,0.0,1.3289716349874705,1.3289716349874705
7.883333333333334,90.91122530970672,0.6232150886103961,278.8063278990999,0.0,1.3293478000133743,1.3293478000133743
7.9,90.90489172511467,0.6235292646790725,278.86386690322433,0.0,1.3297217079950487,1.3297217079950487
7.916666666666667,90.89859803406202,0.6238415743657996,278.9210146350347,0.0,1.3300933726862245,1.3300933726862245
7.933333333333334,90.89234396676825,0.6241520289412517,278.9777741537257,0.0,1.3304628077490415,1.3304628077490415
7.95,90.8861292555061,0.624460639599659,279.03414848777663,0.0,1.330830026754826,1.330830026754826
7.966666666666667,90.87995363458498,0.6247674174595486,279.09014063537154,0.0,1.3311950431848982,1.3311950431848982
7.983333333333333,90.87381684033426,0.6250723735644652,279.145753564813,0.0,1.3315578704313216,1.3315578704313216
8.0,90.86771861108676,0.6253755188836779,279.20099021492763,0.0,1.331918521797689,1.331918521797689
